cmd: ./main
events: Ir
fl=./csu/../csu/libc-start.c
fn=__libc_start_main@@GLIBC_2.34
128 2
134 3
135 7
138 1
139 2
142 3
143 2
144 16
145 8
242 12
343 3
344 3
369 6
372 2
375 2
382 2
384 2
392 4
fl=./csu/../sysdeps/nptl/libc_start_call_main.h
fn=(below main)
29 9
44 3
46 2
51 2
52 2
55 2
58 7
74 1
fl=./csu/./csu/init-first.c
fn=_init_first
46 4
51 2
55 5
61 1
62 1
63 2
71 2
72 2
fl=./ctype/./ctype/ctype-info.c
fn=__ctype_init
29 1
31 7
33 4
35 4
36 1
fl=./elf/../bits/stdlib-bsearch.h
fn=intel_check_word.constprop.0
27 102
28 51
29 971
31 690
32 345
37 63
fl=./elf/../elf/dl-sysdep.c
fn=_dl_sysdep_start
85 10
86 1
87 1
109 1
110 93
113 2
114 1
119 1
121 132
122 113
125 1
126 1
128 1
131 2
132 1
134 2
135 1
150 2
151 1
153 2
154 1
156 2
157 1
162 2
163 1
178 2
179 1
224 1
227 1
238 3
239 2
241 5
253 3
256 5
258 9
fn=_dl_sysdep_start_cleanup
262 1
263 1
fl=./elf/../elf/dl-tls.c
fn=_dl_add_to_slotinfo
1015 16
1021 2
1024 2
1025 2
1029 6
1063 4
1066 6
1067 6
1070 12
fn=_dl_allocate_tls_init
528 10
529 2
533 2
535 1
536 1
539 2
542 3
554 1
559 23
565 6
568 6
569 4
575 6
576 4
578 15
581 4
582 4
585 4
586 8
588 4
589 4
598 2
606 4
608 16
614 2
620 2
623 2
626 9
fn=_dl_allocate_tls_storage
370 1
374 1
375 1
376 2
379 1
385 2
422 4
424 1
435 1
436 1
437 3
445 4
446 1
450 321
469 1
475 5
fn=_dl_assign_tls_modid
131 4
134 4
147 2
186 2
188 2
191 2
192 4
fn=_dl_count_modids
197 1
199 2
200 1
215 2
fn=_dl_determine_tlsoffset
221 8
222 1
223 1
224 1
227 3
230 2
264 1
266 16
268 7
270 6
271 4
273 4
275 10
286 2
291 16
293 4
294 2
306 1
307 9
309 2
360 8
fn=_dl_tls_static_surplus_init
83 3
97 6
101 6
102 6
108 2
110 4
113 1
115 1
117 3
118 5
fl=./elf/../include/list.h
fn=__tls_init_tp
43 2
44 2
45 1
47 1
fl=./elf/../include/rtld-malloc.h
fn=__minimal_calloc
56 17
fn=_dl_allocate_tls_storage
44 2
56 1
fn=_dl_check_map_versions
44 18
fn=_dl_find_object_init
56 2
fn=_dl_important_hwcaps
56 3
fn=_dl_init_paths
56 3
fn=_dl_map_object_deps
56 12
fn=_dl_new_object
44 24
56 15
fn=do_lookup_x
44 12
fn=init_tls
44 2
fn=open_verify.constprop.0
50 8
fn=open_verify.constprop.1
50 2
fl=./elf/../include/scratch_buffer.h
fn=_dl_map_object_deps
77 3
78 1
85 3
131 15
fl=./elf/../misc/sbrk.c
fn=sbrk
37 5
40 1
58 2
62 2
78 5
fl=./elf/../nptl/nptl-stack.h
fn=__libc_early_init
58 8
fl=./elf/../sysdeps/generic/dl-cache.h
fn=_dl_load_cache_lookup
125 20
194 1
195 5
fl=./elf/../sysdeps/generic/dl-debug.h
fn=dl_main
29 3
30 2
fl=./elf/../sysdeps/generic/dl-hash.h
fn=__rtld_malloc_init_real
43 1
44 1
45 19
48 18
62 24
67 1
72 1
fl=./elf/../sysdeps/generic/dl-protected.h
fn=do_lookup_x
29 4436
44 15631
fl=./elf/../sysdeps/generic/ldsodefs.h
fn=_dl_relocate_object
138 10206
fn=_dl_start
80 3
fn=do_lookup_x
137 4436
138 6654
fl=./elf/../sysdeps/nptl/dl-mutex.c
fn=__rtld_mutex_init
30 4
37 1
40 7
44 2
45 9
47 6
51 2
52 7
53 4
fl=./elf/../sysdeps/nptl/dl-tls_init_tp.c
fn=__tls_init_tp
68 3
69 1
72 1
75 4
76 2
77 1
82 2
87 4
90 1
93 3
106 4
123 3
130 2
132 1
133 1
134 3
fn=__tls_pre_init_tp
53 3
56 10
61 2
62 1
64 1
fn=rtld_mutex_dummy
42 258
44 516
fl=./elf/../sysdeps/nptl/pthread_early_init.h
fn=__libc_early_init
33 6
34 6
45 2
46 1
52 7
53 1
54 1
57 1
fl=./elf/../sysdeps/posix/dl-fileid.h
fn=_dl_map_object_from_fd
37 25
40 20
49 69
fl=./elf/../sysdeps/unix/sysv/linux/brk.c
fn=brk
35 1
36 3
37 2
43 1
44 1
fl=./elf/../sysdeps/unix/sysv/linux/dl-osinfo.h
fn=dl_main
64 2
fl=./elf/../sysdeps/unix/sysv/linux/dl-sysdep.c
fn=_dl_discover_osversion
46 5
48 3
88 4
103 1
107 1
108 1
110 12
112 6
114 26
116 3
117 12
120 3
121 3
122 3
124 15
133 5
fn=_dl_sysdep_start
36 2
fl=./elf/../sysdeps/unix/sysv/linux/dl-vdso-setup.h
fn=dl_main
30 3
33 1
36 1
39 1
45 1
fl=./elf/../sysdeps/unix/sysv/linux/dl-vdso.h
fn=dl_main
40 1
41 2
55 2
fl=./elf/../sysdeps/unix/sysv/linux/rseq-internal.h
fn=__tls_init_tp
32 3
34 7
37 2
40 1
fl=./elf/../sysdeps/unix/sysv/linux/x86/cpu-features.c
fn=init_cpu_features.constprop.0
27 6
fl=./elf/../sysdeps/unix/sysv/linux/x86/dl-minsigstacksize.h
fn=get_common_indices.constprop.0
24 2
27 2
28 2
65 3
72 1
74 1
fl=./elf/../sysdeps/x86/cpu-features.c
fn=get_common_indices.constprop.0
325 1
329 4
332 5
336 1
337 4
338 4
339 4
340 3
341 2
348 2
350 9
355 8
362 2
363 7
369 2
384 2
fn=init_cpu_features.constprop.0
303 3
304 2
305 6
310 2
311 6
316 2
317 6
399 7
402 1
403 1
404 1
415 3
418 6
419 1
422 2
424 6
429 1
431 3
433 4
434 15
489 3
503 1
513 11
516 1
555 1
556 1
564 2
571 2
573 1
577 2
583 2
593 1
687 5
688 1
691 2
692 1
698 1
699 1
701 1
706 4
710 3
723 2
724 4
770 1
771 2
775 3
792 2
793 2
795 3
796 2
798 3
799 2
802 2
817 4
819 4
829 2
874 8
fn=update_active.constprop.0
43 7
47 1
55 3
56 3
57 1
65 4
66 1
74 4
75 1
76 3
80 4
83 3
84 1
87 3
88 2
92 8
93 3
94 3
95 1
97 4
98 3
100 2
101 4
104 4
105 4
109 2
113 2
115 4
119 2
121 1
124 2
126 2
130 1
131 1
134 4
140 4
142 4
144 3
149 4
198 3
210 2
211 1
214 4
218 2
222 3
223 2
225 1
226 1
229 2
231 1
234 2
285 3
289 3
296 1
297 8
fl=./elf/../sysdeps/x86/dl-cacheinfo.h
fn=get_common_cache_info.constprop.0
481 9
496 1
497 1
498 2
499 1
505 1
507 8
510 4
521 1
526 3
530 2
535 6
538 23
545 8
548 26
553 2
557 3
558 1
562 6
566 3
569 4
570 1
575 4
581 4
589 7
591 2
593 5
595 12
597 1
598 1
599 9
601 4
604 2
609 1
611 5
612 3
613 1
616 2
619 2
626 1
628 4
629 1
634 2
639 2
640 1
641 2
642 3
643 2
681 4
682 5
686 2
693 1
694 1
695 7
fn=handle_intel.constprop.0
250 96
255 24
261 24
263 12
264 36
266 15
272 60
277 24
279 24
280 12
284 48
286 24
289 60
291 24
294 5
296 2
299 5
301 2
305 3
310 96
fn=init_cpu_features.constprop.0
706 1
708 1
722 2
724 5
725 3
726 4
729 3
731 3
732 1
734 3
736 3
737 1
739 3
741 3
744 3
746 3
748 3
750 4
840 18
863 15
885 2
886 1
893 11
910 4
923 4
931 5
933 2
936 5
938 4
941 5
942 5
946 6
947 3
953 8
956 15
957 9
958 12
961 8
963 8
967 7
970 1
fn=intel_check_word.constprop.0
110 690
113 345
119 104
123 78
125 15
129 156
131 154
133 63
135 126
143 126
152 54
155 120
158 99
162 64
164 186
166 84
168 44
169 32
170 10
172 11
174 22
176 12
177 16
178 12
179 20
180 14
181 12
183 8
184 12
187 21
194 204
202 200
216 51
246 104
fl=./elf/../sysdeps/x86/dl-cet.c
fn=_dl_cet_check
41 2
42 1
44 1
45 1
48 4
49 2
51 1
62 2
252 8
254 8
fl=./elf/../sysdeps/x86/dl-get-cpu-features.c
fn=__x86_cpu_features
39 3
71 3
fn=_dl_x86_init_cpu_features
37 1
39 3
41 1
fl=./elf/../sysdeps/x86/dl-hwcap.h
fn=_dl_important_hwcaps
57 3
fl=./elf/../sysdeps/x86/dl-procinfo.h
fn=_dl_load_cache_lookup
39 8
42 28
fl=./elf/../sysdeps/x86/dl-prop.h
fn=_dl_map_object_from_fd
95 40
100 5
101 10
102 5
103 5
105 35
108 15
109 10
110 10
114 15
118 15
121 15
122 10
126 5
127 20
131 18
132 7
135 14
138 7
139 28
144 14
146 28
151 14
164 14
165 17
166 4
170 6
185 15
187 20
192 5
193 20
198 20
200 20
201 5
203 5
212 15
213 5
fn=dl_main
36 1
37 24
40 8
49 47
53 39
71 3
95 8
100 1
101 2
102 1
103 1
105 9
108 3
109 2
110 2
114 3
118 3
121 3
122 2
126 1
127 4
131 6
132 2
135 4
138 2
139 8
144 4
146 8
151 4
164 4
165 4
166 2
170 3
185 3
187 4
192 1
193 4
198 4
200 4
201 1
203 2
212 5
213 2
fl=./elf/../sysdeps/x86/get-isa-level.h
fn=_dl_hwcaps_subdirs_active
30 2
31 3
32 3
36 3
39 4
40 4
45 4
48 2
49 3
51 4
52 2
53 2
56 2
59 2
fn=update_active.constprop.0
28 1
30 2
31 2
32 3
36 3
38 1
39 3
40 4
45 4
47 1
48 2
49 3
51 4
52 2
53 2
55 1
56 2
59 2
fl=./elf/../sysdeps/x86_64/dl-hwcaps-subdirs.c
fn=_dl_hwcaps_subdirs_active
29 1
38 3
43 1
48 1
52 1
fl=./elf/../sysdeps/x86_64/dl-irel.h
fn=_dl_fixup
32 3
fl=./elf/../sysdeps/x86_64/dl-machine.h
fn=_dl_fixup
229 115
fn=_dl_relocate_object
71 24
77 16
81 12
87 4
95 12
115 8
117 8
119 20
262 6838
283 6838
287 6838
294 142262
296 27242
299 13603
300 4
301 10
304 4
305 6
316 6
323 8
326 20514
360 6
361 9
368 6
370 4
379 4
422 54
426 72
431 54
440 36
450 10179
474 28
484 18
490 3
494 4
495 4
496 4
497 1
507 4
508 6
509 2
510 4
529 6330
530 2110
534 4220
535 4220
545 2346
549 2232
552 3348
553 1116
579 114
581 57
582 57
fn=_dl_start
45 1
71 1
287 21
296 70
299 14
326 47
346 12
347 6
414 1
534 284
535 426
fn=_dl_sysdep_start
215 1
fl=./elf/../sysdeps/x86_64/dl-runtime.h
fn=_dl_fixup
28 115
fl=./elf/../sysdeps/x86_64/dl-trampoline.h
fn=_dl_runtime_resolve_xsave
67 115
72 115
75 115
77 115
87 115
93 115
94 115
95 115
96 115
97 115
98 115
99 115
103 115
104 115
107 115
108 115
110 115
111 115
112 115
113 115
114 115
115 115
117 115
124 115
125 115
126 115
127 115
132 115
133 115
134 115
136 115
137 115
138 115
139 115
140 115
141 115
142 115
144 115
146 115
150 115
152 115
fl=./elf/../sysdeps/x86_64/tls_get_addr.S
fn=__tls_get_addr
29 2
30 2
31 2
33 2
34 2
35 2
38 2
39 2
43 2
44 2
45 2
46 2
fl=./elf/./dl-find_object.h
fn=_dl_find_object_from_map
95 14
96 14
97 7
103 35
104 200
105 138
107 21
112 7
fl=./elf/./dl-hwcaps.h
fn=_dl_important_hwcaps
54 12
56 8
57 1
88 9
89 8
90 6
fl=./elf/./dl-load.h
fn=_dl_map_object_from_fd
91 40
92 15
94 40
95 20
96 24
97 16
99 16
fl=./elf/./dl-main.h
fn=dl_main
109 5
fl=./elf/./dl-map-segments.h
fn=_dl_map_object_from_fd
28 15
29 45
96 10
102 5
103 15
106 15
107 10
109 10
116 16
119 14
126 5
128 5
136 100
138 60
140 165
141 15
150 80
156 5
157 5
158 25
159 10
166 10
169 10
177 35
178 10
183 10
187 16
190 4
195 20
fl=./elf/./dl-sym-post.h
fn=lookup_malloc_symbol
41 8
53 12
fl=./elf/./dl-tunable-types.h
fn=__GI___tunable_set_val
90 10
fl=./elf/./elf/dl-audit.c
fn=_dl_audit_activity_map
28 6
29 1
30 3
36 6
fn=_dl_audit_activity_nsid
40 18
44 12
45 3
46 12
50 18
fn=_dl_audit_objclose
96 7
97 28
fn=_dl_audit_objopen
76 5
77 20
fn=_dl_audit_preinit
117 1
118 4
fl=./elf/./elf/dl-cache.c
fn=_dl_cache_libcmp
370 108
371 446
373 597
375 211
381 18
382 18
383 187
385 187
387 12
393 386
395 386
396 90
399 163
400 163
403 54
fn=_dl_load_cache_lookup
194 60
208 4
212 32
218 48
219 8
221 20
228 76
230 110
231 60
235 60
239 90
240 60
248 20
250 12
253 12
255 36
257 6
267 8
277 8
278 12
294 8
303 8
306 8
308 12
309 8
314 24
315 16
322 8
343 16
359 26
360 13
362 26
416 40
418 8
421 12
424 5
432 5
433 8
436 7
437 1
444 1
445 2
490 9
495 12
498 12
513 8
525 72
526 16
527 4
528 32
fn=_dl_unload_cache
537 2
538 4
540 2
541 1
545 1
547 2
fl=./elf/./elf/dl-call-libc-early-init.c
fn=_dl_call_libc_early_init
27 4
29 2
33 7
37 2
39 4
40 2
41 3
fl=./elf/./elf/dl-debug.c
fn=_dl_debug_initialize
56 1
57 1
59 2
61 1
63 3
64 2
85 2
90 3
91 2
92 1
95 2
96 6
99 2
107 2
fn=_dl_debug_state
116 2
117 2
fn=_dl_debug_update
38 6
40 12
41 6
44 12
48 6
fl=./elf/./elf/dl-deps.c
fn=_dl_map_object_deps
144 6
145 8
146 5
148 3
152 8
159 15
160 22
176 7
177 1
180 1
198 2
199 3
200 2
202 1
204 19
206 7
209 7
213 28
214 46
217 15
221 15
224 22
226 25
231 10
232 5
233 10
237 574
238 277
244 99
246 11
248 44
249 22
258 11
260 22
265 35
268 5
269 5
270 5
271 10
273 5
275 25
279 33
280 24
282 375
298 1
380 12
433 21
435 15
438 10
439 10
445 5
446 25
447 25
450 5
451 5
455 28
457 7
458 32
464 6
465 1
468 4
479 3
481 2
486 5
487 1
488 9
490 27
494 7
499 14
501 15
506 7
509 2
560 2
561 3
598 3
599 2
602 1
613 5
618 8
619 4
623 1
625 1
626 1
627 2
634 3
637 3
640 8
fn=openaux
61 33
64 121
65 11
68 11
69 22
fl=./elf/./elf/dl-environ.c
fn=_dl_next_ld_env_entry
28 2
29 2
32 85
34 54
35 14
37 1
40 2
42 1
45 26
49 1
fl=./elf/./elf/dl-error-skeleton.c
fn=_dl_catch_error
225 10
227 2
228 2
229 2
230 2
232 5
fn=_dl_catch_exception
175 72
178 24
180 24
199 12
200 24
203 24
206 84
208 36
209 24
210 48
219 48
fn=_dl_receive_error
238 6
239 1
240 1
243 1
244 1
246 1
248 1
249 1
250 4
fl=./elf/./elf/dl-find_object.c
fn=_dl_find_object_init
561 4
564 1
566 2
567 3
579 2
580 3
582 2
585 2
590 1
591 1
594 3
596 2
599 6
601 1
604 4
fn=_dlfo_process_initial
474 4
475 2
477 2
478 4
504 24
505 34
506 14
508 52
511 48
513 36
515 12
516 12
517 24
529 2
531 8
fn=_dlfo_sort_mappings
536 1
537 2
540 24
544 10
545 70
546 85
553 20
554 25
555 10
557 1
fl=./elf/./elf/dl-fini.c
fn=_dl_fini
31 9
48 7
51 7
54 2
56 1
59 2
61 6
66 1
68 3
73 17
78 25
80 14
82 14
84 14
85 7
86 7
90 7
92 6
93 6
99 5
108 2
113 27
115 7
117 21
120 14
123 21
124 6
127 10
138 20
139 5
140 10
141 50
142 10
146 15
147 15
153 14
158 7
162 5
168 6
174 2
181 8
fl=./elf/./elf/dl-hwcaps.c
fn=_dl_important_hwcaps
55 16
57 2
58 6
59 2
80 16
82 2
83 16
87 2
89 6
90 2
91 2
103 6
105 2
108 3
111 1
115 4
128 12
130 12
131 8
132 2
133 2
136 2
145 15
146 4
154 2
158 7
159 2
160 3
164 1
165 3
166 2
175 14
176 7
178 2
179 4
204 2
205 3
215 3
216 6
220 19
221 6
222 4
225 3
228 21
230 9
231 4
233 6
234 2
235 6
236 2
238 3
240 4
241 2
242 1
245 5
246 1
249 2
252 3
253 5
256 8
257 3
259 2
260 8
261 4
262 4
272 4
276 10
282 2
283 2
291 3
304 2
306 1
315 2
328 1
331 2
338 1
341 2
344 14
347 17
348 17
349 5
352 12
354 5
359 34
360 8
364 23
367 48
368 72
369 48
371 9
374 3
375 2
376 15
378 6
379 2
381 1
382 7
389 22
390 4
392 8
395 4
401 9
fl=./elf/./elf/dl-hwcaps_split.c
fn=_dl_hwcaps_contains
66 6
67 12
68 6
77 6
fn=_dl_hwcaps_split
25 4
26 3
27 1
47 4
fn=_dl_hwcaps_split_masked
26 42
30 24
34 72
35 12
36 24
41 27
42 18
43 9
45 6
51 55
55 5
56 18
57 27
58 54
62 44
fl=./elf/./elf/dl-init.c
fn=_dl_init
31 48
33 44
77 12
78 1
79 1
82 3
85 2
90 2
115 1
116 26
117 14
123 8
fn=call_init.part.0
26 63
39 21
42 21
43 2
47 12
55 18
56 24
59 6
60 12
66 15
68 10
69 109
70 84
72 42
fl=./elf/./elf/dl-load.c
fn=_dl_dst_count
238 66
241 22
244 22
245 11
264 77
fn=_dl_init_paths
706 13
720 4
725 1
727 2
734 5
735 2
739 4
741 4
747 1
748 1
756 8
758 8
759 4
761 5
762 7
763 7
766 9
767 10
768 18
770 26
776 1
777 1
782 1
785 3
787 4
789 3
806 1
808 3
822 2
825 3
856 1
857 8
fn=_dl_map_object
682 39
685 4
688 6
691 2
692 2
696 20
2022 120
2024 5
2030 24
2031 48
2034 222
2039 343
2041 245
2045 84
2046 126
2049 110
2050 66
2051 88
2068 35
2069 15
2077 15
2092 5
2094 25
2098 16
2100 8
2107 16
2111 8
2112 4
2116 15
2117 5
2131 20
2132 40
2133 4
2142 8
2157 12
2164 8
2165 4
2173 4
2187 8
2189 12
2193 12
2195 8
2199 8
2207 12
2230 28
2234 12
2235 8
2252 8
2258 1
2259 4
2260 2
2261 3
2265 6
2268 3
2280 20
2282 16
2326 10
2327 75
2329 108
fn=_dl_map_object_from_fd
944 70
954 15
961 20
999 95
1000 40
1018 10
1046 20
1056 10
1063 40
1064 10
1075 15
1076 20
1077 10
1079 15
1080 20
1081 8
1084 17
1085 6
1096 10
1098 5
1100 110
1101 5
1102 5
1103 5
1104 5
1110 202
1111 504
1117 10
1124 12
1125 15
1126 50
1131 2
1132 1
1137 135
1145 40
1146 150
1147 60
1148 60
1149 40
1151 140
1153 40
1157 40
1158 75
1162 40
1163 160
1173 20
1176 6
1180 8
1181 2
1185 10
1186 4
1189 2
1194 8
1195 10
1201 25
1209 10
1210 5
1213 20
1218 15
1228 90
1229 40
1235 10
1245 20
1252 35
1268 20
1269 15
1275 18
1276 10
1278 10
1288 15
1307 15
1309 25
1361 15
1362 4
1368 183
1369 275
1375 79
1380 20
1393 10
1395 20
1397 10
1413 10
1417 10
1418 10
1435 10
1436 1
1439 10
1444 10
1454 10
1461 30
1462 12
1463 27
1464 9
1465 5
1471 10
1472 8
1477 4
1484 15
1487 20
1506 25
1510 35
1511 20
1515 45
fn=_dl_process_pt_gnu_property
868 12
869 12
870 6
876 12
882 30
885 18
886 12
887 12
930 6
fn=expand_dynamic_string_token
241 3
244 2
385 9
399 2
410 7
fn=open_verify.constprop.0
1568 44
1607 12
1626 20
1628 8
1633 4
1639 4
1640 4
1645 40
1647 8
1649 8
1651 8
1657 8
1674 65
1748 8
1753 8
1755 16
1761 8
1767 20
1768 16
1769 6
1772 16
1773 9
1789 243
1790 102
1791 32
1795 32
1796 18
1801 4
1802 32
1812 28
1820 72
1822 8
1823 72
1826 24
1831 2
1832 16
1835 4
1838 6
1839 10
1840 4
1841 6
1842 6
1856 36
fn=open_verify.constprop.1
1568 11
1607 3
1626 5
1628 2
1633 1
1639 1
1640 1
1645 10
1647 2
1649 2
1651 2
1657 2
1674 14
1748 2
1753 2
1755 4
1761 2
1767 5
1768 4
1769 2
1789 70
1790 28
1791 8
1795 8
1796 6
1820 15
1822 2
1823 18
1826 6
1832 4
1856 9
fl=./elf/./elf/dl-lookup-direct.c
fn=_dl_lookup_direct
32 15
33 9
35 6
36 6
48 12
51 6
53 18
57 9
58 21
59 15
74 36
76 6
78 21
79 6
81 12
84 25
86 9
93 6
115 3
116 27
fl=./elf/./elf/dl-lookup.c
fn=_dl_lookup_symbol_x
204 13398
580 4466
581 391236
582 382304
583 2233
840 31262
842 4466
843 4466
846 2233
850 17810
852 13398
853 4466
855 4466
859 4541
860 37961
865 6699
867 90
884 2233
885 45
888 4466
889 15510
896 2218
929 8872
943 6654
944 2
946 6654
953 20097
1008 4436
fn=check_match
70 28951
73 15589
78 2217
86 11110
89 5002
93 2222
94 4444
96 4438
115 4438
116 17752
117 11065
118 12
119 12
144 6
146 18
147 12
150 2
151 7
153 3
155 15
162 13362
fn=do_lookup_x
170 301
171 1411
172 940
174 98
175 294
176 528
179 152
180 152
182 152
183 70
222 488
224 1342
226 366
227 122
228 366
230 2684
231 726
234 759
235 413
237 200
247 40
248 80
250 160
251 40
254 426
257 132
258 396
259 132
262 1134
269 10
272 4
279 286
280 276
281 350
285 16
286 2
288 2
289 6
305 3
313 2
315 2
318 1
319 1
320 2
323 574
324 492
331 328
342 410
347 164
349 328
363 29029
364 2233
370 2233
374 14058
377 14058
381 27462
385 14056
389 14056
395 21084
399 7028
400 7028
403 35140
404 21084
407 7028
408 14056
410 7028
411 6699
412 14056
415 35140
418 49196
421 4760
422 9520
423 4760
425 28476
428 29265
430 6681
431 31178
432 4454
435 6681
438 10928
452 17736
469 313
471 2
477 4436
528 4436
535 11512
539 4491
551 4192
552 2096
553 4436
570 14433
573 15
574 17864
fl=./elf/./elf/dl-minimal-malloc.c
fn=__minimal_calloc
78 85
82 17
85 17
86 51
fn=__minimal_free
95 7
97 28
fn=__minimal_malloc
35 195
36 117
41 3
42 2
43 2
47 156
50 261
55 12
56 12
58 3
59 24
61 6
63 6
65 8
68 40
69 43
71 156
fl=./elf/./elf/dl-minimal.c
fn=__rtld_malloc_init_real
76 8
86 2
87 1
89 1
91 6
92 5
93 5
94 4
99 1
100 1
101 1
102 1
103 7
fn=__rtld_malloc_init_stubs
42 1
43 2
44 2
45 2
46 2
47 1
fn=lookup_malloc_symbol
61 28
63 4
64 28
68 28
69 28
71 4
72 20
fl=./elf/./elf/dl-misc.c
fn=_dl_higher_prime_number
87 2
124 2
125 2
127 26
129 80
130 37
131 6
145 2
146 2
fn=_dl_name_match_p
68 642
69 428
70 18
72 107
74 422
75 610
80 104
82 89
83 428
fn=_dl_sysdep_read_whole_file
36 9
39 3
40 2
42 6
44 2
47 2
49 8
60 3
63 7
fl=./elf/./elf/dl-object.c
fn=_dl_add_to_namespace_list
31 36
33 18
35 47
38 80
40 5
42 5
45 2
46 18
47 12
48 12
50 12
51 18
fn=_dl_new_object
59 84
62 12
64 2
66 3
67 2
71 2
77 5
80 10
83 20
87 10
92 11
95 12
98 6
99 6
100 12
103 12
104 42
106 6
119 22
125 1
127 42
130 12
131 17
132 6
136 6
139 75
141 16
149 12
150 6
153 1
155 36
157 20
160 14
164 24
168 30
176 2
179 12
189 18
191 25
195 15
200 20
208 5
212 5
245 20
250 168
251 168
253 10
256 5
259 5
263 54
fl=./elf/./elf/dl-profstub.c
fn=_dl_mcount_wrapper_check
36 256
37 384
39 128
fl=./elf/./elf/dl-reloc.c
fn=_dl_relocate_object
194 91
204 12
205 21
208 14
210 21
212 7
213 21
232 14
238 35
239 14
240 2
242 14
249 28
288 410
291 42
308 3218
315 7
318 14
335 21
337 56
343 42
346 14
350 14
351 42
fl=./elf/./elf/dl-runtime.c
fn=_dl_fixup
46 920
48 575
49 345
54 115
55 460
56 805
58 230
63 230
67 230
69 460
71 345
75 345
76 460
84 115
85 345
95 1265
99 575
109 1150
124 460
125 6
133 345
159 345
163 690
fl=./elf/./elf/dl-setup_hash.c
fn=_dl_setup_hash
25 14
28 21
31 21
32 14
33 7
34 7
36 21
37 7
38 21
40 28
41 14
45 21
50 7
fl=./elf/./elf/dl-sort-maps.c
fn=_dl_sort_maps
145 64
186 2
187 50
188 28
223 38
228 4
230 2
231 16
233 36
235 14
238 28
256 4
269 2
276 10
290 22
298 6
302 18
fn=_dl_sort_maps_init
281 2
282 4
283 1
284 3
285 2
fn=dfs_traversal.part.0
140 112
145 10
148 14
150 42
152 180
155 66
161 49
176 42
177 14
178 84
fl=./elf/./elf/dl-tunables.c
fn=__GI___tunable_set_val
102 45
111 5
112 25
113 40
116 15
119 10
123 10
130 10
131 10
134 30
135 5
136 5
137 5
157 25
161 5
fn=__GI___tunables_init
71 140
74 54
77 1827
81 54
86 108
273 7
282 9
305 3780
311 5940
323 108
357 8
fn=__tunable_get_val
405 36
408 390
417 46
427 26
428 26
434 180
436 36
fl=./elf/./elf/dl-tunables.h
fn=__GI___tunable_set_val
121 10
122 5
131 20
fn=__GI___tunables_init
140 372
141 1112
fl=./elf/./elf/dl-version.c
fn=_dl_check_all_versions
361 6
363 2
365 26
366 7
367 63
370 7
fn=_dl_check_map_versions
36 171
37 47
38 290
56 180
64 135
70 135
86 45
87 90
89 45
94 1691
108 1376
110 45
113 371
120 1929
124 643
142 22
155 70
156 7
164 7
170 21
172 35
174 14
175 14
177 14
180 15
184 15
197 6
198 6
200 22
208 33
213 44
217 425
219 45
221 124
224 180
227 135
232 34
236 44
241 12
250 15
253 20
256 484
259 363
263 116
267 12
272 6
273 12
274 12
284 6
287 30
289 18
292 20
294 6
296 33
299 135
301 180
303 225
304 90
305 135
306 135
309 135
314 34
317 33
322 6
327 18
330 20
334 116
336 242
340 116
341 580
342 348
343 116
346 363
350 116
356 63
fl=./elf/./elf/do-rel.h
fn=_dl_relocate_object
49 42
50 14
52 10
53 12
60 42
63 3551
65 4692
67 171
76 24
77 193
78 114
86 60
88 20
100 30
110 16
113 6352
114 4220
120 40
124 32
126 10261
128 17075
129 13660
130 10245
131 13660
133 10245
135 10
138 2
142 3413
145 10296
146 99
158 30
159 16
160 6
163 6
165 8
166 2
167 6
175 25
177 42
178 12
180 18
188 6
191 18
205 4
fn=_dl_start
49 4
50 1
86 10
88 4
113 431
114 284
118 4
126 28
128 21
129 14
130 14
fl=./elf/./elf/get-dynamic-info.h
fn=_dl_map_object_from_fd
39 10
43 5
45 515
49 250
54 129
55 88
56 25
58 5
59 25
61 5
62 25
64 25
68 125
72 20
82 17
83 20
84 20
85 20
87 20
92 19
93 19
94 20
97 15
102 8
109 10
110 15
132 15
137 4
139 4
141 4
143 4
147 15
149 3
150 2
159 2
160 3
165 2
169 10
fl=./elf/./elf/libc_early_init.c
fn=__libc_early_init
33 7
35 1
38 2
41 1
47 4
49 2
fl=./elf/./elf/rtld.c
fn=_dl_start
85 8
488 3
489 1
490 6
492 2
501 1
507 4
509 2
527 10
553 1
556 2
557 1
573 56
575 1
588 1
592 2
607 9
fn=dl_main
85 16
92 12
93 2
101 7
205 2
207 1
232 2
233 4
234 4
304 3
310 1
311 2
862 1
864 1
870 1
873 1
875 1
880 1
1140 2
1143 1
1146 1
1148 2
1150 1
1151 1
1166 1
1169 46
1170 117
1174 3
1179 3
1180 9
1189 2
1190 2
1192 1
1199 3
1211 1
1217 1
1225 8
1226 18
1227 8
1228 1
1230 12
1231 14
1235 8
1236 8
1237 4
1238 10
1239 1
1243 12
1271 2
1275 4
1277 1
1281 26
1282 61
1288 17
1294 3
1297 4
1299 3
1301 2
1320 14
1325 1
1326 1
1332 1
1348 3
1349 4
1627 10
1629 2
1630 2
1631 2
1632 3
1636 3
1637 2
1662 3
1663 6
1664 3
1665 3
1668 1
1670 1
1671 1
1673 2
1674 2
1678 2
1680 2
1688 3
1695 2
1698 2
1723 9
1731 4
1733 1
1738 2
1741 4
1742 4
1743 2
1744 1
1745 1
1746 1
1751 2
1752 3
1764 2
1765 2
1767 2
1769 1
1770 3
1775 5
1776 5
1778 4
1784 2
1786 3
1793 2
1797 1
1798 2
1822 2
1828 2
1829 1
1830 1
1834 3
1839 3
1841 1
1843 2
1847 5
1852 2
1868 6
1944 4
1948 19
1949 1
1952 3
1953 1
1954 2
1955 2
1960 3
1970 8
1976 31
1977 17
1980 4
1981 3
1982 1
1984 23
1985 22
1995 2
1997 3
1998 2
2000 2
2002 3
2004 3
2005 1
2006 2
2018 2
2019 2
2020 3
2031 4
2032 4
2033 5
2043 2
2044 2
2045 4
2047 2
2052 3
2282 3
2331 1
2338 2
2342 2
2348 2
2351 2
2359 2
2361 2
2415 3
2418 1
2422 1
2423 35
2425 14
2430 14
2432 16
2434 1
2435 1
2438 7
2440 21
2441 48
2445 18
2446 6
2454 2
2459 4
2461 1
2468 3
2471 2
2481 3
2483 4
2493 1
2498 2
2501 1
2507 1
2508 5
2516 3
2523 1
2527 3
2532 3
2533 1
2534 1
2535 1
2539 1
2544 8
2677 3
2679 1
2683 6
2685 11
2687 1
2689 41
2690 7
2698 7
2719 2
2726 6
2728 2
2729 1
2818 1
2829 1
2845 4
2877 2
fn=handle_preload_list
191 3
831 1
835 1
836 2
837 1
839 1
841 7
842 3
850 3
894 12
895 3
899 5
902 4
903 3
905 5
906 2
912 1
914 2
916 2
917 1
920 9
fn=init_tls
756 3
758 2
762 3
768 2
771 1
772 1
773 1
777 1
779 1
783 2
784 2
785 18
786 7
787 14
791 6
793 2
795 3
798 2
801 1
808 2
809 2
815 2
818 8
821 1
822 1
825 5
fn=map_doit
663 3
665 4
666 6
668 2
fn=version_check_doit
696 3
698 6
702 2
fl=./elf/./get-dynamic-info.h
fn=_dl_start
45 75
49 36
54 21
55 14
56 5
58 1
59 5
61 1
62 5
64 5
68 19
72 3
82 4
83 4
84 4
85 4
87 4
92 4
93 4
94 4
97 3
102 2
109 3
110 3
118 2
119 2
124 3
127 3
fn=dl_main
39 3
43 1
45 115
49 56
54 25
55 17
56 5
58 1
59 5
61 1
62 5
64 5
68 28
72 5
82 3
83 4
84 4
85 4
87 4
92 4
93 4
94 5
97 3
102 2
109 2
110 3
132 3
137 2
139 2
141 2
143 2
144 1
147 3
149 3
150 2
159 2
160 3
165 2
166 2
169 2
fl=./elf/./setup-vdso.h
fn=dl_main
24 2
fl=./iconv/./iconv/gconv_simple.c
fn=__gconv_btwoc_ascii
49 128
51 512
54 128
fl=./io/../sysdeps/unix/sysv/linux/access.c
fn=access
25 1
27 7
31 1
fl=./io/../sysdeps/unix/sysv/linux/close_nocancel.c
fn=__GI___close_nocancel
25 6
26 24
27 6
fn=__close_nocancel
25 1
26 4
27 1
fl=./io/../sysdeps/unix/sysv/linux/fstat64.c
fn=fstat
29 14
30 14
35 21
fl=./io/../sysdeps/unix/sysv/linux/fstatat64.c
fn=fstatat
98 14
153 14
168 21
169 7
fl=./io/../sysdeps/unix/sysv/linux/open64.c
fn=open
30 10
33 3
36 5
37 1
38 1
41 10
43 7
fl=./io/../sysdeps/unix/sysv/linux/open64_nocancel.c
fn=__open_nocancel
28 24
31 42
39 42
41 6
fl=./io/../sysdeps/unix/sysv/linux/pread64_nocancel.c
fn=__pread64_nocancel
25 8
26 16
27 4
fl=./io/../sysdeps/unix/sysv/linux/read_nocancel.c
fn=__read_nocancel
25 5
26 20
27 5
fl=./io/../sysdeps/unix/sysv/linux/write.c
fn=write
25 12000
26 84000
27 12000
fl=./libio/../include/sys/sysmacros.h
fn=_IO_file_doallocate
47 6
fl=./libio/./libio/filedoalloc.c
fn=_IO_file_doallocate
78 9
84 9
86 4
89 2
91 2
94 2
97 4
101 3
102 2
104 4
105 1
106 8
fl=./libio/./libio/fileno.c
fn=fileno
32 8000
35 40000
42 8000
fl=./libio/./libio/fileops.c
fn=_IO_do_write@@GLIBC_2.2.5
423 40001
425 28003
426 32001
433 8000
440 16000
443 4000
448 20000
449 20000
451 12000
452 8000
453 4000
454 8000
455 16000
fn=_IO_file_close
1164 1
1167 2
fn=_IO_file_close_it@@GLIBC_2.2.5
128 4
130 3
133 2
134 3
137 1
139 2
142 7
145 3
153 5
154 4
157 2
158 1
159 1
160 1
162 2
163 5
fn=_IO_file_finish@@GLIBC_2.2.5
168 5
169 2
175 3
176 3
fn=_IO_file_fopen@@GLIBC_2.2.5
213 11
222 2
224 11
247 8
280 5
283 2
286 4
287 2
356 12
fn=_IO_file_open
182 9
184 2
185 1
188 2
189 2
191 1
192 6
195 3
205 2
206 1
207 4
fn=_IO_file_overflow@@GLIBC_2.2.5
731 50
732 40
739 48
742 2
744 2
745 6
754 3
763 3
765 1
766 1
767 2
768 3
770 3
771 5
772 1
774 20
775 2
776 10
777 18
780 27
781 27
782 36
783 32
784 24
786 9
787 39
fn=_IO_file_setbuf@@GLIBC_2.2.5
381 3
382 3
385 1
387 3
389 2
390 2
fn=_IO_file_stat
1146 1
1147 2
fn=_IO_file_sync@@GLIBC_2.2.5
792 20095
797 16076
798 27944
799 4019
800 8038
811 8038
815 16076
fn=_IO_file_write@@GLIBC_2.2.5
1173 28000
1175 32000
1179 12000
1180 12000
1181 8000
1186 4000
1187 4000
1189 12000
1190 12000
1193 24000
fn=_IO_file_xsputn@@GLIBC_2.2.5
1197 224000
1203 112000
1204 28000
1210 112000
1212 111998
1213 55998
1216 574025
1218 651045
1227 3
1231 1
1233 27999
1235 111996
1236 27999
1237 83997
1239 55998
1243 6
1249 2
1250 7
1252 2
1263 3
1264 4
1266 3
1267 252000
fn=_IO_new_file_init_internal
106 3
110 1
111 1
113 1
114 1
115 2
fl=./libio/./libio/genops.c
fn=_IO_cleanup
786 6
787 11
790 12
799 9
801 6
807 13
815 5
817 2
819 4
820 1
824 5
826 3
830 5
831 8
838 3
842 9
843 2
863 11
866 3
878 12
fn=_IO_default_finish
54 2
601 3
603 3
609 3
612 3
624 2
fn=_IO_default_setbuf
330 5
332 4
337 2
452 9
453 5
455 4
457 3
458 2
462 1
466 4
467 1
468 6
fn=_IO_default_xsputn
371 24013
374 48002
375 1
379 9
393 24000
399 11
401 1
404 24008
fn=_IO_doallocbuf
343 4
344 2
346 4
347 5
350 4
fn=_IO_flush_all_lockp
686 12
687 1
691 6
692 11
695 12
697 3
698 6
701 21
709 6
711 3
715 9
716 2
720 12
fn=_IO_link_in
87 20
88 8
90 2
92 7
93 12
94 1
95 13
97 2
98 1
100 13
101 1
102 7
103 2
106 21
fn=_IO_no_init
563 120010
564 12001
565 12001
566 24002
568 1
572 6
579 1
581 1
586 24000
587 12001
588 72006
fn=_IO_old_init
531 12001
532 24002
534 72006
539 84007
544 12001
550 24002
555 36003
556 2
558 12001
fn=_IO_setb
329 108018
330 72008
332 12002
335 72012
338 48008
fn=_IO_un_link
53 2
54 4
82 2
fn=_IO_unsave_markers
960 3
962 2
967 3
969 2
fn=__GI__IO_un_link.part.0
52 9
58 6
59 12
60 1
61 14
63 3
65 2
66 2
74 3
76 13
77 1
78 9
79 2
82 9
fn=__overflow
199 24
201 24
203 24
204 16
fl=./libio/./libio/iofclose.c
fn=fclose@@GLIBC_2.2.5
34 5
48 3
49 1
51 14
52 3
53 3
57 4
58 3
71 2
76 5
fl=./libio/./libio/iofflush.c
fn=fflush
32 16072
33 8036
39 56252
40 20090
44 20090
fl=./libio/./libio/iofopen.c
fn=fopen@@GLIBC_2.2.5
37 2
65 2
67 3
70 2
72 7
73 2
74 2
75 7
85 8
87 7
fl=./libio/./libio/iofwrite.c
fn=fwrite
31 224000
32 56000
35 56000
37 476000
38 139999
39 168000
45 168000
46 28000
49 252000
fl=./libio/./libio/libioP.h
fn=_IO_cleanup
940 4
942 2
943 2
fn=_IO_default_setbuf
940 3
942 2
943 2
fn=_IO_default_xsputn
940 3
942 2
943 2
fn=_IO_do_write@@GLIBC_2.2.5
940 16000
942 8000
943 8000
fn=_IO_doallocbuf
940 3
942 2
943 2
fn=_IO_file_close_it@@GLIBC_2.2.5
940 3
942 2
943 2
fn=_IO_file_doallocate
940 3
942 2
943 2
fn=_IO_file_xsputn@@GLIBC_2.2.5
940 3
942 2
943 2
fn=_IO_flush_all_lockp
940 4
fn=__overflow
940 24
942 16
943 16
fn=fclose@@GLIBC_2.2.5
855 4
856 4
862 2
883 7
884 7
940 3
942 2
943 2
fn=fflush
883 8036
884 36162
940 12054
942 8036
943 8036
fn=fwrite
883 56000
884 224000
940 84000
942 56000
943 56000
fl=./libio/./libio/putc.c
fn=putc
25 56
28 16
29 56
34 32
fl=./libio/./libio/strops.c
fn=_IO_str_init_static_internal
36 168000
40 24000
42 12000
43 60000
46 60000
50 120000
51 36000
64 12000
65 84000
fl=./libio/./libio/vsnprintf.c
fn=__vsnprintf_internal
95 168000
99 12000
104 36000
110 96000
111 24000
112 12000
113 84000
114 60000
116 36000
117 24000
119 132000
fn=vsnprintf
123 12000
124 24000
fl=./libio/./libio/vtables.c
fn=check_stdfiles_vtables
83 1
84 4
85 3
86 3
88 1
fl=./locale/./locale/newlocale.c
fn=newlocale
43 17
55 2
56 2
63 2
66 3
72 2
73 7
75 1
277 12
fl=./locale/./locale/uselocale.c
fn=uselocale
30 24002
31 72006
33 48004
36 48004
37 24002
65 72006
66 72006
68 72006
72 72006
73 24002
fl=./malloc/./malloc/arena.c
fn=free
162 9003
fn=malloc
162 3998
315 1
fn=ptmalloc_init.part.0
313 6
318 1
343 2
347 3
352 4
353 4
354 4
355 4
356 4
357 4
358 4
360 4
361 4
362 4
365 4
366 4
367 2
430 7
fn=sysmalloc
565 3
fl=./malloc/./malloc/malloc.c
fn=_int_free
2012 5976
3181 2018
3183 4036
3184 1009
3185 2018
4421 33011
4431 9003
4437 15005
4438 6002
4442 12004
4449 6002
4450 21007
4453 1009
4459 3027
4479 5045
4482 1009
4493 3984
4569 3984
4572 1992
4575 9960
4578 1992
4582 5976
4585 7968
4587 5976
4590 5976
4593 3984
4594 3984
4595 3984
4601 3984
4610 3984
4615 2
4619 1
4627 1
4628 4
4629 2
4631 1
4633 2
4635 3
4638 1
4639 1
4641 3
4642 1
4653 1991
4654 5973
4655 3982
4672 3984
4673 5229
4676 5229
4678 8715
4680 1230
4692 5976
4702 33011
fn=_int_malloc
1343 4000
1362 9999
2005 6000
3771 18000
3811 4000
3838 4002
3843 2
3845 5
3901 3998
3903 5
3904 22
3906 15
3963 82009
3964 5985
3965 1
3982 9997
3983 6000
3984 6000
3988 2000
3994 8000
4061 8000
4183 4000
4185 7980
4188 5985
4256 4000
4257 4000
4258 4000
4259 4000
4260 6000
4265 4000
4269 6088
4272 133
4369 2000
4370 4000
4372 4000
4375 6008
4377 1996
4378 3992
4379 1996
4380 15968
4382 3992
4385 1996
4392 12
4397 3998
4399 75
4407 20
4408 8
4413 18000
fn=free
3352 12008
3356 6004
3364 6004
3366 3002
3368 9006
3372 3
3374 4
3376 2
3377 2
3378 1
3381 2
3385 9003
3391 6002
3394 3002
3395 12008
fn=malloc
1343 6008
1362 14020
3193 2010
3194 2010
3196 4020
3197 2010
3198 1005
3241 4
3287 18024
3294 6008
3304 6012
3306 12016
3309 6008
3311 3030
3319 5997
3321 7996
3322 9995
3347 15020
fn=munmap_chunk
3044 1
3045 2
3046 3
3048 2
3050 1
3051 2
3052 2
3058 4
3059 5
3062 1
3063 3
3068 2
3069 1
fn=ptmalloc_init.part.0
1966 385
1969 381
1977 1
1978 1
1980 1
3162 7
fn=sysmalloc
2028 16
2548 36
2568 16
2579 8
2580 11
2581 3
2585 5
2594 4
2595 2
2606 3
2607 9
2608 3
2610 6
2617 26
2623 9
2626 9
2687 6
2696 12
2709 9
2713 3
2717 15
2725 6
2727 6
2728 9
2729 6
2730 3
2733 6
2764 6
2765 2
2766 15
2772 10
2773 8
2775 4
2815 3
2837 2
2838 7
2840 2
2841 4
2853 3
2895 1
2896 4
2897 5
2908 2
2941 6
2942 3
2946 2
2947 6
2950 6
2952 3
2953 3
2954 3
2955 24
2956 6
2958 6
2964 44
fn=sysmalloc_mmap.constprop.0
2028 4
2420 3
2433 3
2438 2
2441 10
2444 2
2448 2
2466 3
2484 1
2485 3
2489 3
2490 5
2493 3
2494 5
2499 5
fn=systrim.constprop.0
2977 1230
2986 1230
2988 410
2989 820
2990 409
2994 1230
2995 410
2998 2050
3000 820
3007 3
3008 4
3020 3
3021 2
3023 1
3025 2
3029 2
3032 1
3033 4
3035 2
3040 1640
fn=tcache_init.part.0
3235 3
3244 8
3245 4
3246 2
3254 4
3261 2
3263 2
3264 88
3267 4
fl=./malloc/./malloc/morecore.c
fn=__glibc_morecore
25 14
26 14
29 7
30 14
34 14
fl=./malloc/./malloc/scratch_buffer_set_array_size.c
fn=__libc_scratch_buffer_set_array_size
30 50
34 5
35 10
45 10
46 5
63 20
fl=./math/../sysdeps/x86_64/fpu/multiarch/e_asin.c
fn=__acos_finite@GLIBC_2.15
35 1
fn=__asin_finite@GLIBC_2.15
27 2
fl=./math/../sysdeps/x86_64/fpu/multiarch/e_atan2.c
fn=__atan2_finite@GLIBC_2.15
26 2
fl=./math/../sysdeps/x86_64/fpu/multiarch/e_exp.c
fn=__exp_finite@GLIBC_2.15
27 2
fl=./math/../sysdeps/x86_64/fpu/multiarch/e_exp2f.c
fn=exp2f@@GLIBC_2.27
27 2
fl=./math/../sysdeps/x86_64/fpu/multiarch/e_expf.c
fn=expf@@GLIBC_2.27
27 2
fl=./math/../sysdeps/x86_64/fpu/multiarch/e_log.c
fn=__log_finite@GLIBC_2.15
27 2
fl=./math/../sysdeps/x86_64/fpu/multiarch/e_log2f.c
fn=log2f@@GLIBC_2.27
27 2
fl=./math/../sysdeps/x86_64/fpu/multiarch/e_logf.c
fn=logf@@GLIBC_2.27
27 2
fl=./math/../sysdeps/x86_64/fpu/multiarch/e_pow.c
fn=__pow_finite@GLIBC_2.15
27 2
fl=./math/../sysdeps/x86_64/fpu/multiarch/e_powf.c
fn=powf@@GLIBC_2.27
30 1
fl=./math/../sysdeps/x86_64/fpu/multiarch/ifunc-avx-fma4.h
fn=__atan2_finite@GLIBC_2.15
32 5
33 2
fn=__exp_finite@GLIBC_2.15
32 5
33 2
fn=__log_finite@GLIBC_2.15
32 5
33 2
fn=cos
32 5
33 2
fn=sin
32 5
33 2
fl=./math/../sysdeps/x86_64/fpu/multiarch/ifunc-fma.h
fn=cosf
29 4
30 3
fn=exp2f@@GLIBC_2.27
29 4
30 3
fn=expf@@GLIBC_2.27
29 4
30 3
fn=log2f@@GLIBC_2.27
29 4
30 3
fn=logf@@GLIBC_2.27
29 4
30 3
fn=powf@@GLIBC_2.27
29 4
30 4
fn=sincosf
29 4
30 3
fn=sinf
29 4
30 3
fl=./math/../sysdeps/x86_64/fpu/multiarch/ifunc-fma4.h
fn=__acos_finite@GLIBC_2.15
31 4
32 2
35 1
fn=__asin_finite@GLIBC_2.15
31 4
32 2
fn=__pow_finite@GLIBC_2.15
31 4
32 2
fl=./math/../sysdeps/x86_64/fpu/multiarch/s_cosf.c
fn=cosf
26 2
fl=./math/../sysdeps/x86_64/fpu/multiarch/s_fma.c
fn=fma
49 6
fl=./math/../sysdeps/x86_64/fpu/multiarch/s_sin.c
fn=cos
34 2
fn=sin
27 2
fl=./math/../sysdeps/x86_64/fpu/multiarch/s_sincosf.c
fn=sincosf
26 2
fl=./math/../sysdeps/x86_64/fpu/multiarch/s_sinf.c
fn=sinf
26 2
fl=./misc/../sysdeps/unix/syscall-template.S
fn=mprotect
117 45
122 9
fn=munmap
117 10
122 2
fl=./misc/../sysdeps/unix/sysv/linux/brk.c
fn=brk
35 5
36 20
37 10
43 5
44 5
fl=./misc/../sysdeps/unix/sysv/linux/mmap64.c
fn=mmap
47 54
50 54
58 108
60 27
fl=./misc/./misc/init-misc.c
fn=__init_misc
30 5
31 5
33 3
37 5
38 3
40 4
fl=./misc/./misc/sbrk.c
fn=sbrk
37 35
40 14
43 14
58 14
59 4
62 14
63 4
66 16
68 2
74 12
78 35
fl=./nptl/../sysdeps/nptl/futex-internal.h
fn=__pthread_once_slow
146 1
147 1
209 8
fl=./nptl/../sysdeps/unix/sysv/linux/x86/elision-conf.c
fn=__lll_elision_init
96 6
101 5
103 4
105 4
107 4
109 4
113 3
114 1
115 6
fl=./nptl/./nptl/alloca_cutoff.c
fn=__libc_alloca_cutoff
27 12000
28 108000
35 12000
fl=./nptl/./nptl/cleanup_compat.c
fn=_pthread_cleanup_pop@@GLIBC_2.34
40 1
43 2
47 2
49 1
fn=_pthread_cleanup_push@@GLIBC_2.34
25 1
28 1
29 1
30 2
32 1
33 1
fl=./nptl/./nptl/libc-cleanup.c
fn=__libc_cleanup_pop_restore
39 4
42 8
44 8
45 8
47 4
fn=__libc_cleanup_push_defer
24 4
27 8
30 16
31 4
33 4
34 4
fl=./nptl/./nptl/pthread_mutex_conf.c
fn=__pthread_tunables_init
50 6
51 5
53 4
55 6
fl=./nptl/./nptl/pthread_mutex_lock.c
fn=pthread_mutex_lock@@GLIBC_2.2.5
44 1
45 8
46 1
77 3
80 3
82 1
84 2
88 2
97 2
108 4
112 1
115 2
130 3
131 2
167 1
170 1
172 1
175 1
177 1
178 3
fl=./nptl/./nptl/pthread_mutex_unlock.c
fn=pthread_mutex_unlock@@GLIBC_2.2.5
39 1
40 5
41 2
51 3
52 2
57 2
62 1
65 1
70 1
74 2
80 4
84 3
87 3
367 2
369 2
fl=./nptl/./nptl/pthread_once.c
fn=__pthread_once_slow
68 9
76 1
80 2
88 2
92 2
101 4
114 13
116 1
118 3
124 1
132 9
fn=pthread_once@@GLIBC_2.34
136 12014
139 12014
140 24028
143 1
144 24026
fl=./posix/../malloc/dynarray-skeleton.c
fn=__unregister_atfork
243 5
fl=./posix/../sysdeps/unix/syscall-template.S
fn=uname
120 5
122 1
fl=./posix/../sysdeps/unix/sysv/linux/_exit.c
fn=_Exit
27 2
30 3
31 2
fl=./posix/./posix/register-atfork.c
fn=__unregister_atfork
65 10
76 15
77 20
103 20
104 10
fl=./resource/../sysdeps/unix/sysv/linux/getrlimit64.c
fn=getrlimit
38 2
39 7
40 1
fl=./setjmp/../sysdeps/x86_64/bsd-_setjmp.S
fn=_setjmp
28 1
30 1
32 1
fl=./setjmp/../sysdeps/x86_64/setjmp.S
fn=__sigsetjmp
30 13
32 13
41 13
42 26
43 13
47 13
48 13
49 13
50 13
51 13
53 26
55 13
56 13
57 13
59 26
61 13
66 1
67 1
69 12
72 12
73 12
80 12
81 12
84 1
fl=./setjmp/./setjmp/sigjmp.c
fn=__sigjmp_save
28 3
29 1
30 2
34 3
fl=./stdio-common/../include/../locale/localeinfo.h
fn=__printf_fp_l
315 36000
fl=./stdio-common/../include/rounding-mode.h
fn=__printf_fp_l
52 35440
58 11440
fl=./stdio-common/../libio/libioP.h
fn=__vfprintf_internal
940 48000
942 72000
943 48000
fl=./stdio-common/../sysdeps/generic/get-rounding-mode.h
fn=__printf_fp_l
94 12000
95 84000
fl=./stdio-common/../sysdeps/pthread/allocalim.h
fn=__printf_fp_l
27 24000
29 60000
fl=./stdio-common/./stdio-common/printf-parse.h
fn=__vfprintf_internal
88 12000
111 96000
fl=./stdio-common/./stdio-common/printf_fp.c
fn=__printf_fp
1278 36000
1279 48000
fn=__printf_fp_l
216 192000
233 12000
234 12000
257 12000
260 24000
266 72000
274 12000
277 36000
280 24000
298 36000
306 12000
387 24000
388 24000
392 24000
396 204000
432 60000
433 12000
434 24000
437 216000
438 192000
439 192000
445 12000
446 24000
449 3688
459 3688
460 25816
463 11064
467 14752
471 14752
472 3688
474 22128
475 33192
476 7376
477 18440
479 7376
484 47944
488 283976
490 17648
493 15384
503 5136
534 10256
535 25640
541 48
543 8
546 16
547 16
548 24
551 47744
554 23176
555 14432
556 18040
557 14432
560 47944
562 95888
563 7376
569 8904
573 48000
577 10824
579 7216
595 2016
596 2016
599 1344
600 1344
605 2936
608 24832
618 1344
624 8808
626 8808
627 17616
629 18216
636 3360
637 1344
639 1344
640 4032
643 7984
644 3360
649 16624
652 8032
662 8032
665 40160
666 40160
669 8032
670 40160
675 96167
677 192334
684 30450
685 12180
686 6090
688 6090
690 38482
693 18270
694 12180
695 18270
697 36540
698 12180
699 24360
706 24360
708 1684
710 842
712 5052
728 18270
730 1684
731 495
732 27
736 11094
737 22188
742 22188
745 16641
746 11094
753 5547
756 33282
769 16641
779 11094
782 22188
787 96167
789 470752
791 23445
795 17630
796 7052
799 10578
800 24682
808 14104
809 7052
810 3526
813 36096
825 1400
826 1400
827 560
831 36000
835 15970
840 24000
841 72000
843 24000
847 24000
853 24000
861 12000
873 72000
874 43936
875 16064
878 94
881 141
882 47
883 24188
887 11953
888 31891
889 15872
895 35859
898 72000
901 24000
915 48000
916 12000
922 12000
932 216000
933 28060
936 52064
939 35337
942 46584
944 4687
946 24090
947 22859
948 10029
954 7985
955 15970
956 23955
960 36000
961 48000
962 234911
963 512658
965 68611
966 205833
967 68611
969 274444
971 6922
972 20766
978 36000
979 60000
981 96000
982 4775
983 26396
986 11182
990 1504
991 23224
1003 17160
1007 5720
1008 71334
1010 6177
1011 6177
1013 20851
1017 11392
1018 168
1028 11464
1031 72
1034 144
1037 48
1039 72
1097 99250
1099 13033
1100 13033
1104 28806
1105 258
1107 36000
1120 36000
1122 376
1141 188
1142 188
1146 94
1151 141
1160 141
1166 84000
1168 84000
1170 96000
1171 434
1175 36000
1177 24000
1180 60000
1188 36000
1195 36000
1200 48000
1202 48000
1203 24000
1207 48000
1209 36000
1220 192000
1227 391743
1228 247743
1229 44796
1230 142764
1233 142764
1237 72000
1254 1264134
1257 36000
1268 36000
1272 144000
fn=hack_digit
170 352968
173 767920
175 243960
177 280128
178 293720
183 45152
187 180608
189 90304
190 22576
192 45152
193 136888
194 2864
199 1432
200 43720
204 63432
205 42288
206 65360
209 58744
210 441210
fl=./stdio-common/./stdio-common/vfprintf-internal.c
fn=__vfprintf_internal
127 348000
239 168000
351 36000
352 36000
354 24000
1180 144000
1210 60000
1214 12000
1218 60000
1222 60000
1233 24000
1240 12000
1244 72000
1248 12000
1259 48000
1263 48000
1267 36000
1271 96000
1291 12000
1292 12000
1293 12000
1294 12000
1295 12000
1298 12000
1299 12000
1300 12000
1301 12000
1302 12000
1303 12000
1306 12000
1307 24000
1313 180000
1352 36000
1421 12000
1422 36000
1426 24000
1427 48000
1442 108000
1445 24000
1463 216000
1499 24000
1501 24000
1516 36000
1532 72000
1535 408000
1555 204000
1556 24000
1559 24000
1564 24000
1583 12000
1589 12000
1593 48000
1595 36000
1608 24000
1609 24000
1612 144000
fl=./stdlib/../sysdeps/ieee754/dbl-64/dbl2mpn.c
fn=__mpn_extract_double
33 36000
35 12000
37 36000
38 60000
47 36000
56 36000
103 24000
107 24000
fl=./stdlib/../sysdeps/unix/sysv/linux/getrandom.c
fn=getrandom
28 1
29 7
30 1
fl=./stdlib/../sysdeps/x86_64/lshift.S
fn=__mpn_lshift
28 12000
29 12000
30 12000
32 12000
33 12000
34 12000
46 12000
47 12000
48 12000
49 12000
50 12000
51 12000
52 12000
58 12000
59 12000
60 12000
fl=./stdlib/../sysdeps/x86_64/mul_1.S
fn=__mpn_mul_1
31 89512
32 89512
35 89512
36 89512
37 89512
38 89512
39 89512
41 89512
42 89512
44 89512
45 89512
46 89512
47 89512
48 79888
50 79888
51 79888
52 79888
53 79888
79 9624
80 9624
81 9624
82 9624
83 9624
84 9624
85 9624
86 9624
87 9624
113 9624
114 9624
115 9624
117 9624
118 9624
119 9624
120 9624
121 9624
122 89512
124 89512
127 89512
fl=./stdlib/../sysdeps/x86_64/rshift.S
fn=__mpn_rshift
28 16289
29 16289
30 16289
31 16289
44 16289
45 16289
61 16289
62 16289
63 16289
64 16289
65 16289
66 16289
67 16289
72 16289
73 16289
74 16289
75 16289
76 16289
fl=./stdlib/./stdlib/cmp.c
fn=__mpn_cmp
31 5136
35 10400
37 5184
38 5184
39 10368
42 16
47 25600
48 16
fl=./stdlib/./stdlib/cxa_atexit.c
fn=__cxa_atexit
41 22
43 66
44 22
46 22
53 33
55 11
56 22
58 11
59 44
60 11
69 99
71 66
fn=__new_exitfn
82 55
83 22
88 22
93 48
95 44
96 50
103 1
106 20
124 1
125 2
131 30
132 20
138 11
139 11
143 55
fl=./stdlib/./stdlib/cxa_finalize.c
fn=__cxa_finalize
30 45
33 30
36 30
40 176
41 108
43 9
45 9
76 9
79 27
82 36
83 27
84 36
88 18
94 35
98 30
105 10
106 10
107 20
108 40
fl=./stdlib/./stdlib/cxa_thread_atexit_impl.c
fn=__call_tls_dtors
149 4
150 4
168 4
fl=./stdlib/./stdlib/divrem.c
fn=__mpn_divrem
46 293488
47 22576
49 45152
62 22576
63 22576
65 45152
67 480
68 960
72 187728
73 45000
76 45152
79 22576
234 203184
fl=./stdlib/./stdlib/exit.c
fn=__run_exit_handlers
40 11
45 2
46 2
48 5
56 1
58 3
62 1
66 27
68 22
71 95
98 1
105 4
106 2
107 2
109 4
112 8
113 6
114 8
124 2
125 2
131 4
133 2
134 9
136 2
fn=exit
142 4
143 4
fl=./stdlib/./stdlib/mul.c
fn=__mpn_mul
48 103666
54 12196
66 12196
71 6098
72 12196
81 6098
83 18294
84 6098
88 12196
142 67078
fl=./string/../include/rtld-malloc.h
fn=strdup
56 10
fl=./string/../string/strstr.c
fn=__GI_strstr
77 11
82 3
84 5
85 2
129 1
161 12
fl=./string/../sysdeps/x86/cacheinfo.c
fn=__x86_cacheinfo
86 3
fl=./string/../sysdeps/x86/cacheinfo.h
fn=__x86_cacheinfo
61 1
64 3
66 3
67 1
73 3
75 3
76 1
80 2
82 2
83 2
84 2
86 2
fl=./string/../sysdeps/x86_64/memcmp.S
fn=bcmp
22 1
27 1
28 1
29 1
30 1
31 1
32 1
33 1
34 1
37 1
38 1
39 1
40 1
41 1
42 1
43 1
44 1
45 1
47 1
48 1
65 1
66 1
83 1
84 1
85 1
86 1
87 1
91 1
93 1
94 1
98 1
138 1
139 1
140 1
141 1
142 1
143 1
144 1
145 1
146 1
147 1
148 1
149 1
150 1
fl=./string/../sysdeps/x86_64/multiarch/../strchr.S
fn=index
23 26
24 26
25 26
26 26
27 26
28 26
29 26
30 26
31 26
32 26
33 26
34 26
35 26
36 26
37 26
38 26
39 26
40 26
41 22
45 22
46 22
47 22
48 22
50 22
54 4
55 4
56 4
57 4
58 4
59 4
60 4
61 4
62 4
63 4
64 4
65 4
66 4
67 4
68 4
69 4
70 4
71 4
72 4
73 4
74 4
75 4
76 4
77 4
129 4
133 4
134 4
135 4
136 4
138 4
fl=./string/../sysdeps/x86_64/multiarch/ifunc-avx2.h
fn=memrchr
32 2
33 5
34 3
36 2
37 2
40 3
43 4
fn=rindex
32 2
33 5
34 3
36 2
37 2
40 3
43 4
fn=strchrnul
32 2
33 5
34 3
36 2
37 2
40 3
43 4
fn=strlen
32 4
33 10
34 6
36 4
37 4
40 6
43 8
fn=strnlen
32 4
33 10
34 6
36 4
37 4
40 6
43 8
fl=./string/../sysdeps/x86_64/multiarch/ifunc-evex.h
fn=memchr
34 4
35 10
36 6
38 4
39 4
41 4
47 6
50 8
fn=rawmemchr
34 2
35 5
36 3
38 2
39 2
41 2
47 3
50 4
fl=./string/../sysdeps/x86_64/multiarch/ifunc-memcmp.h
fn=bcmp
34 8
35 6
36 4
37 6
39 4
40 4
43 6
46 6
fl=./string/../sysdeps/x86_64/multiarch/ifunc-memmove.h
fn=memcpy@@GLIBC_2.14
52 6
53 9
56 9
57 6
70 6
72 6
80 6
88 6
90 15
fn=memmove
52 4
53 6
56 6
57 4
70 4
72 4
80 4
88 4
90 10
fn=mempcpy
52 2
53 3
56 3
57 2
70 2
72 2
80 2
88 2
90 5
fl=./string/../sysdeps/x86_64/multiarch/ifunc-memset.h
fn=memset
50 5
53 3
54 2
60 2
69 2
71 2
81 2
89 2
91 5
fl=./string/../sysdeps/x86_64/multiarch/ifunc-sse4_2.h
fn=strcspn
30 5
fn=strpbrk
30 5
fn=strspn
30 5
fl=./string/../sysdeps/x86_64/multiarch/ifunc-strcasecmp.h
fn=strcasecmp
32 5
fn=strcasecmp_l
32 5
fn=strncasecmp
32 5
fn=strncasecmp_l
32 5
fl=./string/../sysdeps/x86_64/multiarch/ifunc-strcpy.h
fn=stpcpy
36 4
37 3
39 2
40 2
43 3
46 3
fn=stpncpy
36 4
37 3
39 2
40 2
43 3
46 3
fn=strcat
36 4
37 3
39 2
40 2
43 3
46 3
fn=strcpy
36 4
37 3
39 2
40 2
43 3
46 3
fn=strncpy
36 4
37 3
39 2
40 2
43 3
46 3
fl=./string/../sysdeps/x86_64/multiarch/memchr-avx2.S
fn=__memchr_avx2
60 12000
67 12000
69 12000
72 12000
73 12000
75 12000
76 12000
77 12000
78 12000
81 12000
82 12000
85 12000
86 12000
98 12000
103 12000
104 12000
105 12000
106 12000
107 24000
fl=./string/../sysdeps/x86_64/multiarch/memchr.c
fn=memchr
29 4
fl=./string/../sysdeps/x86_64/multiarch/memcmp-avx2-movbe.S
fn=__memcmp_avx2_movbe
71 50
78 50
79 50
82 1
83 1
84 1
88 1
89 1
91 1
92 1
95 1
96 1
97 1
100 1
101 1
104 1
105 1
108 1
109 1
110 1
111 1
112 1
113 1
114 1
115 1
116 1
117 1
120 1
121 1
127 1
128 1
129 1
130 1
134 1
135 1
137 1
138 1
139 1
140 1
143 1
144 1
145 1
146 1
147 1
148 1
150 2
154 39
164 39
165 39
166 39
169 78
399 49
400 49
405 49
406 49
407 49
408 49
409 49
412 49
413 49
414 49
415 49
418 49
419 49
420 10
421 20
fl=./string/../sysdeps/x86_64/multiarch/memcmp.c
fn=bcmp
29 6
fl=./string/../sysdeps/x86_64/multiarch/memcpy.c
fn=memcpy@@GLIBC_2.14
29 3
fl=./string/../sysdeps/x86_64/multiarch/memmove-vec-unaligned-erms.S
fn=__memcpy_avx_unaligned_erms
307 25177811
308 25177811
314 25217009
315 25217009
317 5599203
318 5599203
319 5599203
322 2797697
323 2797697
324 2797697
327 5595394
357 19617806
358 19617806
360 14949452
361 14949452
363 10126190
367 10126190
368 54302
369 54302
370 54302
371 54302
372 2960
373 2960
375 54302
377 54302
383 10071888
384 10071888
385 10071888
386 10071888
387 10071888
394 4668354
395 4668354
396 4668354
397 4668354
399 4668354
416 4823262
417 4823262
418 4823262
419 4823262
420 4823262
427 1310378
428 1310378
429 1310378
430 1310378
431 1310378
432 1310378
433 2620756
438 2801506
439 2801506
444 2762970
445 2762970
447 2025616
448 2025616
449 2025616
451 715238
452 715238
453 715238
454 715238
455 715238
456 715238
457 715238
458 715238
459 715238
460 715238
461 715238
462 715238
463 715238
464 715238
465 1430476
469 737354
470 737354
474 737354
476 737354
480 737354
481 737354
492 737354
495 737354
497 737354
499 737354
503 737354
504 737354
513 737354
514 737354
516 737354
518 737354
519 737354
520 737354
523 737354
525 737354
527 737354
529 1474708
535 4926539
536 4926539
537 4926539
538 4926539
539 4926539
540 4926539
541 4926539
542 4926539
543 4926539
544 4926539
545 4926539
546 4926539
548 737354
549 737354
550 737354
551 737354
553 737354
557 1474708
615 38536
622 38536
623 38536
629 16
632 16
634 16
637 16
638 16
640 16
642 2124048
644 16
646 16
648 32
653 38536
654 38536
658 38536
660 38536
663 38536
667 38536
668 38536
671 38536
672 38536
696 38520
698 38520
700 38520
702 38520
705 38520
706 38520
708 2200807340
711 38520
713 38520
715 77040
fn=__mempcpy_avx_unaligned_erms
294 39198
295 39198
296 39198
297 39198
fn=memcpy
212 30
213 30
219 44
220 44
222 29
223 29
224 29
226 13
227 13
228 13
230 13
360 15
361 15
363 7
367 7
368 4
369 4
370 3
371 3
372 2
373 2
375 3
377 4
383 3
384 3
385 3
386 3
387 3
416 8
417 8
418 8
419 8
420 8
427 15
428 15
429 15
430 15
431 15
432 15
433 15
444 16
445 16
447 15
448 15
449 15
469 1
470 1
474 1
476 1
492 1
495 1
497 1
499 1
503 1
504 1
513 1
514 1
516 1
518 1
519 1
520 1
523 1
525 1
527 1
529 1
535 3
536 3
537 3
538 3
539 3
540 3
541 3
542 3
543 3
544 3
545 3
546 3
548 1
549 1
550 1
551 1
553 1
557 1
fn=mempcpy
199 14
200 14
201 14
202 14
fl=./string/../sysdeps/x86_64/multiarch/memmove.c
fn=memmove
29 2
fl=./string/../sysdeps/x86_64/multiarch/mempcpy.c
fn=mempcpy
33 1
fl=./string/../sysdeps/x86_64/multiarch/memrchr.c
fn=memrchr
29 3
fl=./string/../sysdeps/x86_64/multiarch/memset-vec-unaligned-erms.S
fn=memset
125 11
126 55
132 11
133 11
134 9
135 9
137 1
138 1
139 1
204 4
205 4
207 4
283 8
284 8
289 8
292 8
293 8
296 4
297 4
310 4
311 4
313 4
316 3
319 6
322 85
323 85
324 85
325 85
326 85
327 85
328 85
331 4
332 4
333 4
334 4
339 4
368 2
369 2
370 2
402 2
403 2
404 2
fl=./string/../sysdeps/x86_64/multiarch/memset.c
fn=memset
29 1
fl=./string/../sysdeps/x86_64/multiarch/rawmemchr.c
fn=rawmemchr
31 2
fl=./string/../sysdeps/x86_64/multiarch/stpcpy.c
fn=stpcpy
33 3
fl=./string/../sysdeps/x86_64/multiarch/stpncpy.c
fn=stpncpy
31 3
fl=./string/../sysdeps/x86_64/multiarch/strcasecmp.c
fn=strcasecmp
31 2
fl=./string/../sysdeps/x86_64/multiarch/strcasecmp_l.c
fn=strcasecmp_l
31 2
fl=./string/../sysdeps/x86_64/multiarch/strcat.c
fn=strcat
29 3
fl=./string/../sysdeps/x86_64/multiarch/strchr-avx2.S
fn=__strchr_avx2
51 1
53 1
54 1
55 1
56 1
57 1
60 1
61 1
65 1
66 1
67 1
68 1
69 1
70 1
71 1
72 1
75 1
76 1
99 1
100 2
fn=__strchrnul_avx2
51 24000
53 24000
54 24000
55 24000
56 24000
57 24000
60 24000
61 24000
65 24000
66 24000
67 24000
68 24000
69 24000
70 24000
71 24000
72 24000
78 24000
79 48000
fl=./string/../sysdeps/x86_64/multiarch/strchr.c
fn=index
40 2
41 4
42 3
44 2
45 2
48 3
51 3
61 3
fl=./string/../sysdeps/x86_64/multiarch/strchrnul.c
fn=strchrnul
31 3
fl=./string/../sysdeps/x86_64/multiarch/strcmp.c
fn=strcmp
41 4
42 3
44 2
49 3
52 3
65 2
fl=./string/../sysdeps/x86_64/multiarch/strcpy.c
fn=strcpy
29 3
fl=./string/../sysdeps/x86_64/multiarch/strcspn.c
fn=strcspn
29 2
fl=./string/../sysdeps/x86_64/multiarch/strlen-avx2.S
fn=__strlen_avx2
50 12076
63 12076
64 12076
65 12076
68 12076
70 12076
71 12076
74 12076
75 12076
83 12076
84 12076
85 12076
90 24152
fl=./string/../sysdeps/x86_64/multiarch/strlen-vec.S
fn=strlen
41 28
85 28
86 28
87 28
88 28
89 28
90 28
91 28
93 28
95 28
126 28
127 28
128 28
129 28
130 28
131 13
133 13
137 15
138 15
139 15
140 15
141 15
142 15
143 15
144 15
145 15
146 15
147 15
148 15
153 120
fl=./string/../sysdeps/x86_64/multiarch/strlen.c
fn=strlen
29 6
fl=./string/../sysdeps/x86_64/multiarch/strncase.c
fn=strncasecmp
31 2
fl=./string/../sysdeps/x86_64/multiarch/strncase_l.c
fn=strncasecmp_l
31 2
fl=./string/../sysdeps/x86_64/multiarch/strncmp.c
fn=strncmp
41 4
42 3
44 2
49 3
52 3
66 2
fl=./string/../sysdeps/x86_64/multiarch/strncpy.c
fn=strncpy
29 3
fl=./string/../sysdeps/x86_64/multiarch/strnlen.c
fn=strnlen
31 6
fl=./string/../sysdeps/x86_64/multiarch/strpbrk.c
fn=strpbrk
29 2
fl=./string/../sysdeps/x86_64/multiarch/strrchr-avx2.S
fn=__strrchr_avx2
46 1
47 1
48 1
50 1
51 1
54 1
55 1
56 1
58 1
59 1
60 1
61 1
62 1
63 1
65 1
66 1
78 1
79 1
219 1
220 1
221 1
222 1
223 1
225 1
226 1
227 1
228 2
fl=./string/../sysdeps/x86_64/multiarch/strrchr.c
fn=rindex
28 3
fl=./string/../sysdeps/x86_64/multiarch/strspn.c
fn=strspn
29 2
fl=./string/../sysdeps/x86_64/strcmp.S
fn=strcmp
108 2656
141 2656
142 2656
144 2656
145 2656
166 2656
167 2656
168 2504
169 2504
170 2411
171 2411
172 2411
173 2411
194 2411
195 2411
196 2411
197 2411
198 2411
199 2411
200 2411
205 49
206 147
215 294
216 294
217 294
218 294
219 294
220 294
221 294
222 294
223 170
224 85
225 85
226 85
228 170
229 170
230 170
231 170
232 170
233 170
243 124
244 124
245 124
247 124
253 124
254 124
255 124
256 124
257 124
262 124
264 105
265 105
266 210
274 124
275 124
278 124
279 124
280 124
281 124
282 124
283 124
289 32
290 32
291 32
294 32
295 32
296 32
297 32
298 32
299 32
304 19
305 19
444 2
445 2
446 2
447 2
448 2
450 2
451 2
452 2
453 2
454 2
455 2
456 2
457 2
460 2
461 2
462 2
468 2
469 2
470 4
474 2
475 2
478 2
479 2
480 2
483 2
484 2
485 2
491 2
492 2
493 2
494 2
495 2
496 2
568 2
569 2
570 2
571 2
572 2
574 2
575 2
576 2
577 2
578 2
579 2
580 2
581 2
585 2
586 2
587 2
593 2
594 2
595 4
599 3
600 3
603 3
604 3
605 3
608 3
609 3
610 3
616 3
617 3
618 3
619 3
620 3
621 3
628 1
629 1
631 1
632 1
634 1
635 1
636 1
639 1
640 1
641 1
647 1
648 1
649 1
650 1
651 1
652 1
659 1
660 1
661 1
693 3
694 3
695 3
696 3
697 3
699 3
700 3
701 3
702 3
703 3
704 3
705 3
706 3
710 3
711 3
712 3
718 3
719 3
720 6
724 3
725 3
728 3
729 3
730 3
733 3
734 3
735 3
741 3
742 3
743 3
744 3
745 3
746 3
943 4
944 4
945 4
946 4
947 4
949 4
950 4
951 4
952 4
953 4
954 4
955 4
956 4
960 4
961 4
962 4
968 4
969 4
970 8
974 4
975 4
978 4
979 4
980 4
983 4
984 4
985 4
991 4
992 4
993 4
994 4
995 4
996 4
1068 9
1069 9
1070 9
1071 9
1072 9
1074 9
1075 9
1076 9
1077 9
1078 9
1079 9
1080 9
1081 2
1085 2
1086 2
1087 2
1093 2
1094 2
1095 4
1099 2
1100 2
1103 2
1104 2
1105 2
1108 2
1109 2
1110 2
1116 2
1117 2
1118 2
1119 2
1120 2
1121 2
1128 1
1129 1
1131 1
1132 1
1134 1
1135 1
1136 1
1139 1
1140 1
1141 1
1147 1
1148 1
1149 1
1150 1
1151 1
1152 1
1193 9
1194 9
1195 9
1196 9
1197 9
1199 9
1200 9
1201 9
1202 9
1203 9
1204 9
1205 9
1206 4
1210 4
1211 4
1212 4
1218 4
1219 4
1220 8
1224 6
1225 6
1228 6
1229 6
1230 6
1233 6
1234 6
1235 6
1241 6
1242 6
1243 6
1244 6
1245 6
1246 6
1253 2
1254 2
1256 2
1257 2
1259 2
1260 2
1261 2
1264 2
1265 2
1266 2
1272 2
1273 2
1274 2
1275 2
1276 2
1277 2
1284 2
1285 2
1286 2
1318 31
1319 31
1320 31
1321 31
1322 31
1324 31
1325 31
1326 31
1327 31
1328 31
1329 31
1330 31
1331 10
1335 10
1336 10
1337 10
1343 10
1344 10
1345 20
1349 10
1350 10
1353 9
1354 9
1355 9
1358 9
1359 9
1360 9
1366 9
1367 9
1368 9
1369 9
1370 9
1371 9
1378 1
1379 1
1381 1
1382 1
1384 1
1385 1
1386 1
1389 1
1390 1
1391 1
1397 1
1398 1
1399 1
1400 1
1401 1
1402 1
1415 1
1416 1
1417 1
1418 1
1431 1
1432 1
1433 1
1434 1
1443 6
1444 6
1445 6
1446 6
1447 6
1449 6
1450 6
1451 6
1452 6
1453 6
1454 6
1455 6
1456 4
1460 4
1461 4
1462 4
1468 4
1469 4
1470 8
1474 5
1475 5
1478 5
1479 5
1480 5
1483 5
1484 5
1485 5
1491 5
1492 5
1493 5
1494 5
1495 5
1496 5
1503 2
1504 2
1506 2
1507 2
1509 2
1510 2
1511 2
1514 2
1515 2
1516 2
1522 2
1523 2
1524 2
1525 2
1526 2
1527 2
1534 1
1535 1
1536 1
1568 13
1569 13
1570 13
1571 13
1572 13
1574 13
1575 13
1576 13
1577 13
1578 13
1579 13
1580 13
1581 7
1585 7
1586 7
1587 7
1593 7
1594 7
1595 14
1599 9
1600 9
1603 9
1604 9
1605 9
1608 9
1609 9
1610 9
1616 9
1617 9
1618 9
1619 9
1620 9
1621 9
1628 2
1629 2
1631 2
1632 2
1634 2
1635 2
1636 2
1639 2
1640 2
1641 2
1647 2
1648 2
1649 2
1650 2
1651 2
1652 2
1659 2
1660 2
1661 2
1693 12
1694 12
1695 12
1696 12
1697 12
1699 12
1700 12
1701 12
1702 12
1703 12
1704 12
1705 12
1706 7
1710 7
1711 7
1712 7
1718 7
1719 7
1720 14
1724 7
1725 7
1728 7
1729 7
1730 7
1733 7
1734 7
1735 7
1741 7
1742 7
1743 7
1744 7
1745 7
1746 7
1753 1
1754 1
1756 1
1757 1
1759 1
1760 1
1761 1
1764 1
1765 1
1766 1
1772 1
1773 1
1774 1
1775 1
1776 1
1777 1
1818 12
1819 12
1820 12
1821 12
1822 12
1824 12
1825 12
1826 12
1827 12
1828 12
1829 12
1830 12
1831 6
1835 6
1836 6
1837 6
1843 6
1844 6
1845 12
1849 6
1850 6
1853 6
1854 6
1855 6
1858 6
1859 6
1860 6
1866 6
1867 6
1868 6
1869 6
1870 6
1871 6
1878 1
1879 1
1881 1
1882 1
1884 1
1885 1
1886 1
1889 1
1890 1
1891 1
1897 1
1898 1
1899 1
1900 1
1901 1
1902 1
1943 6
1944 6
1945 6
1946 6
1947 6
1949 6
1950 6
1951 6
1952 6
1953 6
1954 6
1955 6
1956 4
1960 4
1961 4
1962 4
1968 4
1969 4
1970 8
1974 4
1975 4
1978 4
1979 4
1980 4
1983 4
1984 4
1985 4
1991 4
1992 4
1993 4
1994 4
1995 4
1996 4
2068 61
2069 61
2070 61
2071 61
2072 61
2074 61
2075 61
2076 61
2077 61
2078 61
2079 61
2080 61
2082 23
2086 23
2087 23
2088 23
2094 23
2095 23
2097 46
2101 26
2102 26
2105 26
2106 26
2107 26
2110 26
2111 26
2112 26
2118 26
2119 26
2120 26
2121 26
2122 26
2123 26
2130 4
2131 4
2133 4
2134 4
2136 4
2137 4
2138 4
2141 4
2142 4
2143 4
2149 4
2150 4
2151 4
2152 4
2153 4
2154 4
2161 3
2162 3
2163 3
2190 1
2191 1
2192 1
2193 2
2197 183
2199 294
2200 294
2201 294
2202 294
2203 170
2208 2656
2214 2656
2215 2656
2223 2656
2224 2656
fl=./string/../sysdeps/x86_64/strcspn.S
fn=strcspn
25 1
27 1
34 1
35 1
37 1
38 1
39 1
40 1
41 33
44 3
51 1
52 1
53 1
54 1
56 1
57 1
58 1
59 1
61 1
62 1
63 1
72 3
84 15
86 15
87 15
88 15
90 15
91 15
92 15
94 14
95 14
96 14
98 14
99 14
100 14
104 1
106 1
113 1
117 1
fl=./string/./string/strdup.c
fn=strdup
40 25
41 10
44 10
47 20
48 15
fl=./time/../sysdeps/unix/sysv/linux/clock_gettime.c
fn=clock_gettime@@GLIBC_2.17
30 110236000
38 220472000
40 220472000
44 110236000
68 220472000
69 220472000
86 110236000
fl=./wcsmbs/../sysdeps/x86_64/multiarch/ifunc-avx2.h
fn=wcschr
32 4
33 10
34 6
36 4
37 4
40 6
43 8
fn=wcscmp
32 2
33 5
34 3
36 2
37 2
40 3
43 4
fl=./wcsmbs/../sysdeps/x86_64/multiarch/ifunc-evex.h
fn=wmemchr
34 4
35 10
36 6
38 4
39 4
41 4
47 6
50 8
fl=./wcsmbs/../sysdeps/x86_64/multiarch/ifunc-memcmp.h
fn=wmemcmp
34 4
35 3
36 2
37 3
39 2
40 2
43 3
46 3
fl=./wcsmbs/../sysdeps/x86_64/multiarch/ifunc-wcslen.h
fn=wcslen
33 2
34 4
35 3
37 2
38 2
41 3
44 3
fn=wcsnlen
33 2
34 4
35 3
37 2
38 2
41 3
44 3
fl=./wcsmbs/../sysdeps/x86_64/multiarch/ifunc-wmemset.h
fn=wmemset
33 10
34 6
36 4
44 6
47 8
fl=./wcsmbs/../sysdeps/x86_64/multiarch/wcschr.c
fn=wcschr
31 6
fl=./wcsmbs/../sysdeps/x86_64/multiarch/wcscmp.c
fn=wcscmp
30 3
fl=./wcsmbs/../sysdeps/x86_64/multiarch/wcscpy.c
fn=wcscpy
37 5
43 2
fl=./wcsmbs/../sysdeps/x86_64/multiarch/wcslen.c
fn=wcslen
29 3
fl=./wcsmbs/../sysdeps/x86_64/multiarch/wcsnlen.c
fn=wcsnlen
29 3
fl=./wcsmbs/../sysdeps/x86_64/multiarch/wmemchr.c
fn=wmemchr
31 4
fl=./wcsmbs/../sysdeps/x86_64/multiarch/wmemcmp.c
fn=wmemcmp
29 3
fl=./wcsmbs/../sysdeps/x86_64/multiarch/wmemset.c
fn=wmemset
31 4
fl=./wcsmbs/./wcsmbs/btowc.c
fn=btowc
32 3584
37 1792
42 512
46 384
47 256
49 256
54 512
57 640
98 2304
fl=./wcsmbs/./wcsmbs/wctob.c
fn=wctob
30 1664
39 384
44 256
45 128
81 1024
fl=./wcsmbs/./wcsmbsload.h
fn=btowc
69 384
71 384
72 128
fl=./wctype/./wctype/wctype_l.c
fn=wctype_l
26 100
29 20
32 20
33 68
35 174
37 410
40 48
41 96
45 10
46 10
47 80
fl=???
fn=(below main)
0 12
fn=???
0 493967720
fn=_GLOBAL__sub_I__Z8rand_unsii
0 10
fn=__cpu_indicator_init
0 367
fn=__cxa_get_globals
0 14
fn=__cxa_guard_acquire
0 17
fn=__cxa_guard_release
0 6
fn=__cxxabiv1::__si_class_type_info::__do_dyncast(long, __cxxabiv1::__class_type_info::__sub_kind, __cxxabiv1::__class_type_info const*, void const*, __cxxabiv1::__class_type_info const*, void const*, __cxxabiv1::__class_type_info::__dyncast_result&) const
0 74
fn=__dynamic_cast
0 110
fn=__gnu_cxx::stdio_sync_filebuf<char, std::char_traits<char> >::overflow(int)
0 56
fn=__gnu_cxx::stdio_sync_filebuf<char, std::char_traits<char> >::sync()
0 12039
fn=__gnu_cxx::stdio_sync_filebuf<char, std::char_traits<char> >::xsputn(char const*, long)
0 168000
fn=__gnu_cxx::stdio_sync_filebuf<wchar_t, std::char_traits<wchar_t> >::sync()
0 15
fn=bool std::has_facet<std::codecvt<char, char, __mbstate_t> >(std::locale const&)
0 22
fn=bool std::has_facet<std::ctype<char> >(std::locale const&)
0 21
fn=bool std::has_facet<std::ctype<wchar_t> >(std::locale const&)
0 12
fn=bool std::has_facet<std::num_get<char, std::istreambuf_iterator<char, std::char_traits<char> > > >(std::locale const&)
0 21
fn=bool std::has_facet<std::num_get<wchar_t, std::istreambuf_iterator<wchar_t, std::char_traits<wchar_t> > > >(std::locale const&)
0 12
fn=bool std::has_facet<std::num_put<char, std::ostreambuf_iterator<char, std::char_traits<char> > > >(std::locale const&)
0 21
fn=bool std::has_facet<std::num_put<wchar_t, std::ostreambuf_iterator<wchar_t, std::char_traits<wchar_t> > > >(std::locale const&)
0 12
fn=buble_sort(int*, int, bool (*)(int*, int*))
0 45960682030
fn=choose_sort(int*, int, bool (*)(int*, int*))
0 39600457234
fn=comb_sort(int*, int, bool (*)(int*, int*))
0 9469276487
fn=default_comp(int*, int*)
0 86979367935
fn=heap(int*, int, bool (*)(int*, int*), int, bool)
0 125272000
fn=heap_sort(int*, int, bool (*)(int*, int*))
0 325660000
fn=int std::uniform_int_distribution<int>::operator()<std::linear_congruential_engine<unsigned long, 16807ul, 0ul, 2147483647ul> >(std::linear_congruential_engine<unsigned long, 16807ul, 0ul, 2147483647ul>&, std::uniform_int_distribution<int>::param_type const&) [clone .isra.0]
0 5180393728
fn=main
0 772108309
fn=merge_sort(int*, int, bool (*)(int*, int*))
0 10965277926
fn=operator delete(void*)
0 6002
fn=operator delete(void*, unsigned long)
0 2000
fn=operator delete[](void*)
0 4002
fn=operator new(unsigned long)
0 36012
fn=operator new[](unsigned long)
0 4002
fn=put_sort(int*, int, bool (*)(int*, int*))
0 18854299123
fn=quick_sort(int*, int, bool (*)(int*, int*))
0 30000
fn=quick_sort(int*, int, int, bool (*)(int*, int*), int*, int)
0 8457167935
fn=rand_uns(int, int)
0 2424840024
fn=shaker_sort(int*, int, bool (*)(int*, int*))
0 46020431384
fn=shift_data(int*, int, int)
0 10465548287
fn=std::__basic_file<char>::__basic_file(pthread_mutex_t*)
0 4
fn=std::__basic_file<char>::close()
0 25
fn=std::__basic_file<char>::fd()
0 24000
fn=std::__basic_file<char>::is_open() const
0 24
fn=std::__basic_file<char>::open(char const*, std::_Ios_Openmode, int)
0 27
fn=std::__basic_file<char>::xsputn(char const*, long)
0 208000
fn=std::__basic_file<char>::~__basic_file()
0 2
fn=std::__cxx11::basic_string<char, std::char_traits<char>, std::allocator<char> >::_S_copy_chars(char*, char const*, char const*)
0 56
fn=std::__cxx11::basic_string<char, std::char_traits<char>, std::allocator<char> >::basic_string(char const*, std::allocator<char> const&) [clone .isra.0]
0 296
fn=std::__cxx11::messages<char>::messages(unsigned long)
0 20
fn=std::__cxx11::messages<wchar_t>::messages(unsigned long)
0 20
fn=std::__cxx11::moneypunct<char, false>::_M_initialize_moneypunct(__locale_struct*, char const*)
0 113
fn=std::__cxx11::moneypunct<char, true>::_M_initialize_moneypunct(__locale_struct*, char const*)
0 113
fn=std::__cxx11::moneypunct<wchar_t, false>::_M_initialize_moneypunct(__locale_struct*, char const*)
0 109
fn=std::__cxx11::moneypunct<wchar_t, true>::_M_initialize_moneypunct(__locale_struct*, char const*)
0 109
fn=std::__cxx11::numpunct<char>::_M_initialize_numpunct(__locale_struct*)
0 414
fn=std::__cxx11::numpunct<wchar_t>::_M_initialize_numpunct(__locale_struct*)
0 350
fn=std::__num_base::_S_format_float(std::ios_base const&, char*, char)
0 372000
fn=std::__timepunct<char>::_M_initialize_timepunct(__locale_struct*)
0 149
fn=std::__timepunct<char>::__timepunct(std::__timepunct_cache<char>*, unsigned long)
0 23
fn=std::__timepunct<wchar_t>::_M_initialize_timepunct(__locale_struct*)
0 149
fn=std::__timepunct<wchar_t>::__timepunct(std::__timepunct_cache<wchar_t>*, unsigned long)
0 23
fn=std::basic_filebuf<char, std::char_traits<char> >::_M_allocate_internal_buffer()
0 13
fn=std::basic_filebuf<char, std::char_traits<char> >::_M_convert_to_external(char*, long)
0 312000
fn=std::basic_filebuf<char, std::char_traits<char> >::_M_destroy_internal_buffer()
0 20
fn=std::basic_filebuf<char, std::char_traits<char> >::_M_terminate_output()
0 39
fn=std::basic_filebuf<char, std::char_traits<char> >::basic_filebuf()
0 56
fn=std::basic_filebuf<char, std::char_traits<char> >::close()
0 49
fn=std::basic_filebuf<char, std::char_traits<char> >::open(char const*, std::_Ios_Openmode)
0 47
fn=std::basic_filebuf<char, std::char_traits<char> >::overflow(int)
0 392045
fn=std::basic_filebuf<char, std::char_traits<char> >::sync()
0 112000
fn=std::basic_filebuf<char, std::char_traits<char> >::xsputn(char const*, long)
0 1968004
fn=std::basic_fstream<char, std::char_traits<char> >::basic_fstream()
0 50
fn=std::basic_fstream<char, std::char_traits<char> >::open(char const*, std::_Ios_Openmode)
0 13
fn=std::basic_fstream<char, std::char_traits<char> >::~basic_fstream()
0 35
fn=std::basic_ios<char, std::char_traits<char> >::_M_cache_locale(std::locale const&)
0 217
fn=std::basic_ios<char, std::char_traits<char> >::clear(std::_Ios_Iostate)
0 7
fn=std::basic_ios<char, std::char_traits<char> >::init(std::basic_streambuf<char, std::char_traits<char> >*)
0 161
fn=std::basic_ios<wchar_t, std::char_traits<wchar_t> >::_M_cache_locale(std::locale const&)
0 124
fn=std::basic_ios<wchar_t, std::char_traits<wchar_t> >::init(std::basic_streambuf<wchar_t, std::char_traits<wchar_t> >*)
0 92
fn=std::basic_ostream<char, std::char_traits<char> >& std::__ostream_insert<char, std::char_traits<char> >(std::basic_ostream<char, std::char_traits<char> >&, char const*, long)
0 3136000
fn=std::basic_ostream<wchar_t, std::char_traits<wchar_t> >::flush()
0 162
fn=std::basic_ostream<wchar_t, std::char_traits<wchar_t> >::sentry::sentry(std::basic_ostream<wchar_t, std::char_traits<wchar_t> >&)
0 99
fn=std::basic_streambuf<char, std::char_traits<char> >::xsputn(char const*, long)
0 1824017
fn=std::chrono::_V2::steady_clock::now()
0 1653300000
fn=std::chrono::_V2::system_clock::now()
0 240000
fn=std::codecvt<char, char, __mbstate_t> const& std::use_facet<std::codecvt<char, char, __mbstate_t> >(std::locale const&)
0 20
fn=std::codecvt<char, char, __mbstate_t>::codecvt(unsigned long)
0 18
fn=std::codecvt<char, char, __mbstate_t>::do_always_noconv() const
0 168003
fn=std::codecvt<wchar_t, char, __mbstate_t>::codecvt(unsigned long)
0 18
fn=std::ctype<char> const& std::use_facet<std::ctype<char> >(std::locale const&)
0 132077
fn=std::ctype<char>::_M_widen_init() const
0 732
fn=std::ctype<char>::ctype(unsigned short const*, bool, unsigned long)
0 116
fn=std::ctype<wchar_t> const& std::use_facet<std::ctype<wchar_t> >(std::locale const&)
0 44
fn=std::ctype<wchar_t>::_M_convert_to_wmask(unsigned short) const
0 146
fn=std::ctype<wchar_t>::_M_initialize_ctype()
0 2733
fn=std::ctype<wchar_t>::ctype(unsigned long)
0 20
fn=std::error_category::error_category()
0 10
fn=std::error_category::~error_category()
0 4
fn=std::future_category()
0 3
fn=std::ios_base::Init::Init()
0 273
fn=std::ios_base::Init::~Init()
0 25
fn=std::ios_base::_M_call_callbacks(std::ios_base::event)
0 11
fn=std::ios_base::_M_dispose_callbacks()
0 13
fn=std::ios_base::_M_init()
0 286
fn=std::ios_base::ios_base()
0 522
fn=std::ios_base::~ios_base()
0 17
fn=std::locale::_Impl::_Impl(unsigned long)
0 666
fn=std::locale::_Impl::_M_install_facet(std::locale::id const*, std::locale::facet const*)
0 12128
fn=std::locale::facet::_S_create_c_locale(__locale_struct*&, char const*, __locale_struct*)
0 10
fn=std::locale::facet::_S_get_c_locale()
0 108126
fn=std::locale::facet::_S_get_c_name()
0 21
fn=std::locale::id::_M_id() const
0 193014
fn=std::locale::locale()
0 459
fn=std::locale::locale(std::locale::_Impl*)
0 3
fn=std::locale::operator=(std::locale const&)
0 220
fn=std::locale::~locale()
0 104
fn=std::messages<char>::messages(unsigned long)
0 20
fn=std::messages<wchar_t>::messages(unsigned long)
0 20
fn=std::moneypunct<char, false>::_M_initialize_moneypunct(__locale_struct*, char const*)
0 113
fn=std::moneypunct<char, true>::_M_initialize_moneypunct(__locale_struct*, char const*)
0 113
fn=std::moneypunct<wchar_t, false>::_M_initialize_moneypunct(__locale_struct*, char const*)
0 109
fn=std::moneypunct<wchar_t, true>::_M_initialize_moneypunct(__locale_struct*, char const*)
0 109
fn=std::num_get<char, std::istreambuf_iterator<char, std::char_traits<char> > > const& std::use_facet<std::num_get<char, std::istreambuf_iterator<char, std::char_traits<char> > > >(std::locale const&)
0 77
fn=std::num_get<wchar_t, std::istreambuf_iterator<wchar_t, std::char_traits<wchar_t> > > const& std::use_facet<std::num_get<wchar_t, std::istreambuf_iterator<wchar_t, std::char_traits<wchar_t> > > >(std::locale const&)
0 44
fn=std::num_put<char, std::ostreambuf_iterator<char, std::char_traits<char> > > const& std::use_facet<std::num_put<char, std::ostreambuf_iterator<char, std::char_traits<char> > > >(std::locale const&)
0 77
fn=std::num_put<char, std::ostreambuf_iterator<char, std::char_traits<char> > >::do_put(std::ostreambuf_iterator<char, std::char_traits<char> >, std::ios_base&, char, double) const
0 48000
fn=std::num_put<char, std::ostreambuf_iterator<char, std::char_traits<char> > >::do_put(std::ostreambuf_iterator<char, std::char_traits<char> >, std::ios_base&, char, unsigned long) const
0 24000
fn=std::num_put<wchar_t, std::ostreambuf_iterator<wchar_t, std::char_traits<wchar_t> > > const& std::use_facet<std::num_put<wchar_t, std::ostreambuf_iterator<wchar_t, std::char_traits<wchar_t> > > >(std::locale const&)
0 44
fn=std::numpunct<char>::_M_initialize_numpunct(__locale_struct*)
0 414
fn=std::numpunct<wchar_t>::_M_initialize_numpunct(__locale_struct*)
0 350
fn=std::ostream& std::ostream::_M_insert<double>(double)
0 684012
fn=std::ostream& std::ostream::_M_insert<unsigned long>(unsigned long)
0 456018
fn=std::ostream::flush()
0 456466
fn=std::ostream::put(char)
0 336
fn=std::ostream::sentry::sentry(std::ostream&)
0 2024467
fn=std::ostreambuf_iterator<char, std::char_traits<char> > std::num_put<char, std::ostreambuf_iterator<char, std::char_traits<char> > >::_M_insert_float<double>(std::ostreambuf_iterator<char, std::char_traits<char> >, std::ios_base&, char, char, double) const
0 1759194
fn=std::ostreambuf_iterator<char, std::char_traits<char> > std::num_put<char, std::ostreambuf_iterator<char, std::char_traits<char> > >::_M_insert_int<unsigned long>(std::ostreambuf_iterator<char, std::char_traits<char> >, std::ios_base&, char, unsigned long) const
0 712000
fn=std::uncaught_exception()
0 16
fn=swap(int*, int*)
0 70688927760
fn=timer(void (*)(int*, int, bool (*)(int*, int*)), int*, int, bool (*)(int*, int*))
0 661536000
fn=update_heap(int*, int, bool (*)(int*, int*), int, bool)
0 125245000
fn=update_heap(int*, int, bool (*)(int*, int*), int, bool) [clone .part.0]
0 30941092570
summary: 394070612666
